# f X Y R logR theta
0.000000000000000000e+00 -6.476446051023243208e-03 -7.931358926236130684e-19 6.476446051023243208e-03 -4.332773706194221575e+01 -1.800000000000000000e+02
2.004008016032064177e+01 -7.762211884371603057e-04 -2.516765876582985361e-04 8.160027194526515591e-04 -6.132063998360874280e+01 -1.620355906688348568e+02
4.008016032064128353e+01 -1.095275328139205633e-03 -3.839770699505831134e-04 1.160631911795587242e-03 -5.826058195773265425e+01 -1.606805663707304461e+02
6.012024048096192530e+01 -1.873489958419025884e-03 -5.165777626161231892e-04 1.943403511658451949e-03 -5.378321244280421354e+01 -1.645848600918297961e+02
8.016032064128256707e+01 -2.721796241298115454e-03 3.346557107433962121e-04 2.742292694786192461e-03 -5.079219597091186245e+01 1.729904367417601634e+02
1.002004008016032088e+02 -3.993076195270562657e-03 1.722884043578205328e-03 4.348906406081052937e-03 -4.678687088169500186e+01 1.566613546855058701e+02
1.202404809619238506e+02 -6.982076711837533617e-03 2.611992498251838272e-03 7.454656264436872182e-03 -4.210591964872229198e+01 1.594891941507218576e+02
1.402805611222444782e+02 -1.111782839411531824e-02 3.672430618678534150e-03 1.170866580144827584e-02 -3.818432390216187144e+01 1.617206261314736651e+02
1.603206412825651341e+02 -1.504796547475058949e-02 9.345383222936144013e-03 1.771376449298178030e-02 -3.458825477831177153e+01 1.481580794706379720e+02
1.803607214428857901e+02 -1.918289610207929083e-02 1.682879309682235036e-02 2.551845959220157278e-02 -3.141738300792765415e+01 1.387401336288385494e+02
2.004008016032064177e+02 -2.334536986469443881e-02 3.331558239207138561e-02 4.068088401500488671e-02 -2.736666447018901849e+01 1.250202452325347195e+02
2.204408817635270452e+02 -2.179890454878672876e-02 5.673635483118571327e-02 6.077998189418391817e-02 -2.387926077834736560e+01 1.110174766890856830e+02
2.404809619238477012e+02 1.628892244782761609e-03 9.890022474807406982e-02 9.891363781180366466e-02 -1.964934861597995308e+01 8.905642061323391090e+01
2.605210420841683572e+02 8.196075899518970309e-02 1.405984015495743422e-01 1.627435913741702989e-01 -1.532439419300107808e+01 5.976028099675788496e+01
2.805611222444889563e+02 2.409454927860558149e-01 4.764935911027271681e-02 2.456118725093210942e-01 -1.174948498337628600e+01 1.118646825817135770e+01
3.006012024048096123e+02 1.692811334092975406e-01 -1.334380119057734237e-01 2.155500061463736794e-01 -1.288351131430207275e+01 -3.824739625089865314e+01
3.206412825651302683e+02 4.469959787391006301e-02 -1.381002913708929969e-01 1.451542094698421437e-01 -1.631787940810470872e+01 -7.206453459550142782e+01
3.406813627254509242e+02 -3.259201071430839741e-03 -1.010643763296708436e-01 1.011169152740002686e-01 -1.945799585930390663e+01 -9.184707785470151009e+01
3.607214428857715802e+02 -2.298412355586795450e-02 -7.118507252198653934e-02 7.480363952102790648e-02 -2.207601753205818795e+01 -1.078941483217862896e+02
3.807615230460921794e+02 -2.763871067860352443e-02 -4.994585733984179682e-02 5.708315857928134701e-02 -2.442431218777260682e+01 -1.189589766712111043e+02
4.008016032064128353e+02 -2.775878699244996653e-02 -3.508425002748179894e-02 4.473762236957912197e-02 -2.654101411950993850e+01 -1.283511739700073235e+02
4.208416833667334913e+02 -2.504117550164989409e-02 -2.620472276719344740e-02 3.624566133773664961e-02 -2.836935153996750358e+01 -1.336993125827742119e+02
4.408817635270540904e+02 -2.175567391042880841e-02 -1.899558161267960940e-02 2.888150737238076235e-02 -3.034207498542645354e+01 -1.388747391273485619e+02
4.609218436873747464e+02 -1.904927849525002784e-02 -1.476543684731308759e-02 2.410172476155153162e-02 -3.191350965459330524e+01 -1.422200954061954121e+02
4.809619238476954024e+02 -1.606159129321644771e-02 -1.185985338742639485e-02 1.996574159007312790e-02 -3.354876318807720992e+01 -1.435578991152054584e+02
5.010020040080160584e+02 -1.392421877236416777e-02 -1.007544838104473296e-02 1.718716173484603066e-02 -3.485038882993870146e+01 -1.441108151307312539e+02
5.210420841683367144e+02 -1.197182194242054493e-02 -8.780169181556898850e-03 1.484641005353764219e-02 -3.612204307637917822e+01 -1.437435695967129448e+02
5.410821643286573135e+02 -1.032183784182328160e-02 -7.944687612611807392e-03 1.302529837258565790e-02 -3.725871849500856570e+01 -1.424146292310886110e+02
5.611222444889779126e+02 -9.034445370214765417e-03 -7.392149889300135036e-03 1.167326360249244972e-02 -3.821062625067545326e+01 -1.407093359218757485e+02
5.811623246492986254e+02 -7.986258280204085180e-03 -6.840084255268288026e-03 1.051508791866703416e-02 -3.911821394063719737e+01 -1.394205492958973025e+02
6.012024048096192246e+02 -7.047093062612043088e-03 -6.602516911880939796e-03 9.656849911062539982e-03 -3.985776247467645561e+01 -1.368654991232031648e+02
6.212424849699399374e+02 -6.120383305379627041e-03 -6.627929281280344788e-03 9.021559641349329722e-03 -4.044883961418640439e+01 -1.327200988683720198e+02
6.412825651302605365e+02 -5.447460819961927672e-03 -6.441203194617877749e-03 8.435871500880974885e-03 -4.103187299093190177e+01 -1.302219027276232453e+02
6.613226452905811357e+02 -4.907155775382575705e-03 -6.450690774051340629e-03 8.105034809690927697e-03 -4.137937441764649549e+01 -1.272608969650889179e+02
6.813627254509018485e+02 -4.258826409709490571e-03 -6.299497082276978889e-03 7.604029581587330375e-03 -4.193359615154810172e+01 -1.240609804831406109e+02
7.014028056112224476e+02 -3.832206062041623035e-03 -6.419761303150199779e-03 7.476572643355597868e-03 -4.208042095917136294e+01 -1.208346258477067892e+02
7.214428857715431604e+02 -3.364788356953847190e-03 -6.440844405492038641e-03 7.266792782435058801e-03 -4.232761658246248260e+01 -1.175832042915818931e+02
7.414829659318637596e+02 -3.063791072201090763e-03 -6.538973795799056868e-03 7.221149080045767381e-03 -4.238234588453451579e+01 -1.151051152716641894e+02
7.615230460921843587e+02 -2.396025478089557504e-03 -6.260814065515578168e-03 6.703635644529914138e-03 -4.302826407528448982e+01 -1.109419437372627186e+02
7.815631262525050715e+02 -2.486602247601099863e-03 -7.067319807522446339e-03 7.492009076314172858e-03 -4.206250620904672388e+01 -1.093841743510235602e+02
8.016032064128256707e+02 -2.264107763497261085e-03 -6.934987801017574414e-03 7.295220336973458515e-03 -4.229370383797537158e+01 -1.080806228911280300e+02
8.216432865731462698e+02 -2.055873539952059788e-03 -7.065788202176663362e-03 7.358802819093194537e-03 -4.221832878465795602e+01 -1.062229711971992430e+02
8.416833667334669826e+02 -1.688870143468251903e-03 -7.103570459561788820e-03 7.301574873645915072e-03 -4.228614124537494945e+01 -1.033737483070492544e+02
8.617234468937875818e+02 -1.630940934898585408e-03 -7.259527048470100323e-03 7.440477222638133652e-03 -4.212245627520427860e+01 -1.026619573784497419e+02
8.817635270541081809e+02 -1.518304290320075106e-03 -7.471288775626163531e-03 7.624001828882376840e-03 -4.191081226955815708e+01 -1.014871375557877968e+02
9.018036072144288937e+02 -1.406020041767977978e-03 -7.572491996426124541e-03 7.701917124573006389e-03 -4.182249528286866536e+01 -1.005185908132233692e+02
9.218436873747494928e+02 -1.107720696069916955e-03 -7.629293986700216856e-03 7.709291269371115751e-03 -4.181418301933390325e+01 -9.826122182653887194e+01
9.418837675350702057e+02 -1.067490815372445058e-03 -7.819806818611331825e-03 7.892332692005879849e-03 -4.161036442299050719e+01 -9.777346342411311753e+01
9.619238476953908048e+02 -8.978595046195226919e-04 -7.798597894404036071e-03 7.850113426482363890e-03 -4.165695346733176052e+01 -9.656759776459242062e+01
9.819639278557114039e+02 -7.587414628104775013e-04 -8.089854719094511856e-03 8.125357714183635560e-03 -4.135762231306313197e+01 -9.535805469475148755e+01
1.002004008016032117e+03 -5.430279522184530304e-04 -8.100888648653275723e-03 8.119068681491127537e-03 -4.136434780096845287e+01 -9.383497843454698284e+01
1.022044088176352716e+03 -4.239612011840882574e-04 -8.384317196791205365e-03 8.395029360074817218e-03 -4.107402771893720939e+01 -9.289475160752883198e+01
1.042084168336673429e+03 -3.159108571221948638e-04 -8.520499692340543357e-03 8.526354125698918165e-03 -4.093920478036372401e+01 -9.212335805249686871e+01
1.062124248496993914e+03 -2.622734767825014878e-04 -8.588996467704928389e-03 8.592999924291359198e-03 -4.087157594645446324e+01 -9.174903963352277003e+01
1.082164328657314627e+03 6.906891689827180910e-05 -8.680823251595654738e-03 8.681098020453706376e-03 -4.078297890624497057e+01 -8.954413610156507275e+01
1.102204408817635340e+03 4.249444924020597553e-06 -8.994632866617802494e-03 8.994633870426484504e-03 -4.047480230698631232e+01 -8.997293105289394077e+01
1.122244488977955825e+03 1.905880337996350188e-04 -9.070796029215080769e-03 9.072798047033323390e-03 -4.039964722678568876e+01 -8.879632576668106481e+01
1.142284569138276538e+03 3.397407719033136708e-04 -9.331341438541893712e-03 9.337524127665886367e-03 -4.014983736540184367e+01 -8.791486377633084714e+01
1.162324649298597251e+03 4.188109444233495122e-04 -9.378694043329317484e-03 9.388040507238430352e-03 -4.010297300954629662e+01 -8.744312287962738139e+01
1.182364729458917964e+03 4.576118778083302762e-04 -9.662266550618742525e-03 9.673096894269025969e-03 -3.984316134434374135e+01 -8.728845691796855988e+01
1.202404809619238449e+03 5.142678130559693401e-04 -9.877409367615181540e-03 9.890787996868474763e-03 -3.964985424338044595e+01 -8.701958350218582439e+01
1.222444889779559162e+03 6.388178361862784961e-04 -1.003287368899155249e-02 1.005319067197517520e-02 -3.950839371380214260e+01 -8.635675442107238098e+01
1.242484969939879875e+03 5.207367151408780984e-04 -9.955628778019249073e-03 9.969238240318102282e-03 -3.958123261189192021e+01 -8.700582937737917177e+01
1.262525050100200360e+03 7.149870632524057447e-04 -1.018754276644387793e-02 1.021260173113302736e-02 -3.937174419149205562e+01 -8.598542257723524074e+01
1.282565130260521073e+03 8.246695775493949072e-04 -1.031611187980364767e-02 1.034902141406430012e-02 -3.925648639410119500e+01 -8.542949688277646203e+01
1.302605210420841786e+03 7.439861943794300611e-04 -1.049809466047069671e-02 1.052442430528295093e-02 -3.911050512797804402e+01 -8.594630061064735571e+01
1.322645290581162271e+03 9.695535451973840433e-04 -1.061066715086011678e-02 1.065487172439662754e-02 -3.900350759487493946e+01 -8.477907585710127591e+01
1.342685370741482984e+03 1.019242973734380301e-03 -1.093543811373132169e-02 1.098283492449715973e-02 -3.874018298445644604e+01 -8.467510228031073893e+01
1.362725450901803697e+03 1.106323036706290336e-03 -1.096513790315230101e-02 1.102080758822574988e-02 -3.871020370319438086e+01 -8.423866291774800175e+01
1.382765531062124182e+03 1.200036968250643753e-03 -1.125713713294416128e-02 1.132091980163619366e-02 -3.847683782925000173e+01 -8.391511701967232284e+01
1.402805611222444895e+03 1.338857021089320332e-03 -1.141505321332235250e-02 1.149330143979096670e-02 -3.834557616014804182e+01 -8.331041484208508052e+01
1.422845691382765608e+03 1.388496730272142151e-03 -1.171055061333061212e-02 1.179257897312349646e-02 -3.812229623913400189e+01 -8.323812228403367897e+01
1.442885771543086321e+03 1.543282021751677703e-03 -1.184254073754080483e-02 1.194267518267894124e-02 -3.801243969563662262e+01 -8.257523890833587643e+01
1.462925851703406806e+03 1.525584413210606324e-03 -1.214326413358639452e-02 1.223872017900061622e-02 -3.779975199837411282e+01 -8.283932397753758892e+01
1.482965931863727519e+03 1.725564218257150161e-03 -1.232796437510734824e-02 1.244814353649753395e-02 -3.765238035741893441e+01 -8.203198863198086599e+01
1.503006012024048232e+03 1.722734237000400495e-03 -1.262748874018903254e-02 1.274446095897877398e-02 -3.744804268117657386e+01 -8.223125275567559811e+01
1.523046092184368717e+03 1.919291028424137012e-03 -1.291751251452055022e-02 1.305931880362005797e-02 -3.723606162602268910e+01 -8.154879014614246557e+01
1.543086172344689430e+03 2.095237723250750316e-03 -1.317302212968758483e-02 1.333861061528418025e-02 -3.705226021212767762e+01 -8.096251245432952715e+01
1.563126252505010143e+03 2.158042338942162304e-03 -1.347615869551225219e-02 1.364785697182152591e-02 -3.685318285608723698e+01 -8.090202524009862373e+01
1.583166332665330629e+03 2.304252026756715456e-03 -1.389911705888609642e-02 1.408882650966470328e-02 -3.657697568092289941e+01 -8.058688783216952345e+01
1.603206412825651341e+03 2.410814762625701144e-03 -1.417345866691783161e-02 1.437702884474126135e-02 -3.640108922441828554e+01 -8.034674191046801184e+01
1.623246492985972054e+03 2.599190576404822230e-03 -1.467232289677479484e-02 1.490076678697084718e-02 -3.609029975393177381e+01 -7.995431608345836594e+01
1.643286573146292540e+03 2.654941049849868229e-03 -1.498050194094393238e-02 1.521394591750617822e-02 -3.590963474391907084e+01 -7.995002637573506377e+01
1.663326653306613252e+03 2.608885094053211857e-03 -1.543361917621162427e-02 1.565256791425292601e-02 -3.566276016971957574e+01 -8.040547227100626060e+01
1.683366733466933965e+03 2.807171516331711126e-03 -1.592026860420676926e-02 1.616586416966924247e-02 -3.538249359761124424e+01 -8.000000481226938120e+01
1.703406813627254451e+03 2.881082917707126524e-03 -1.627277063702077531e-02 1.652584953894320474e-02 -3.519119621845784707e+01 -7.995986614029671102e+01
1.723446893787575164e+03 2.875384463808739171e-03 -1.701725640384362664e-02 1.725847187119617515e-02 -3.481442532487637465e+01 -8.040939135299383622e+01
1.743486973947895876e+03 2.852357803783480122e-03 -1.747212924486719887e-02 1.770342467970952363e-02 -3.459332635409801782e+01 -8.072814796877638344e+01
1.763527054108216362e+03 2.730846429852823356e-03 -1.828414093719175904e-02 1.848695031730575658e-02 -3.421716662418770483e+01 -8.150532348369597457e+01
1.783567134268537075e+03 2.725838073069484016e-03 -1.906205997561705168e-02 1.925596852185360378e-02 -3.386316475943671378e+01 -8.186198391872333957e+01
1.803607214428857787e+03 2.561884582402839446e-03 -1.967672235592127228e-02 1.984279857493809543e-02 -3.360241362850649693e+01 -8.258189007841316709e+01
1.823647294589178500e+03 2.363946165108450365e-03 -2.049641788701355577e-02 2.063228992794111094e-02 -3.326352346693632711e+01 -8.342088336181086561e+01
1.843687374749498986e+03 1.967002992298852275e-03 -2.141463376107426847e-02 2.150478179132851719e-02 -3.290377130310864118e+01 -8.475192465666478370e+01
1.863727454909819699e+03 1.399309580282858930e-03 -2.228365679257009180e-02 2.232754861937437385e-02 -3.257765123102075933e+01 -8.640681061805797469e+01
1.883767535070140411e+03 7.463158264356991711e-04 -2.332163397399589569e-02 2.333357234822451901e-02 -3.219484742647076558e+01 -8.816710272276280591e+01
1.903807615230460897e+03 -1.244923085297942422e-04 -2.419534298518571935e-02 2.419566325822995398e-02 -3.187972147360551389e+01 -9.029480139712694609e+01
1.923847695390781610e+03 -1.224515646459302344e-03 -2.498098887650608557e-02 2.501098246404056397e-02 -3.159185707138192001e+01 -9.280627270692669128e+01
1.943887775551102322e+03 -2.737064168742663929e-03 -2.595997957126231284e-02 2.610387058664234705e-02 -3.122037395150944405e+01 -9.601868635245855899e+01
1.963927855711422808e+03 -4.619243807372690712e-03 -2.626126754527143350e-02 2.666442548483424074e-02 -3.103582749068628743e+01 -9.997603229647258161e+01
1.983967935871743521e+03 -6.530838171236389399e-03 -2.662358508589905345e-02 2.741290079588412643e-02 -3.079537221732328334e+01 -1.037826626411653592e+02
2.004008016032064234e+03 -8.353350012029680041e-03 -2.592381567094176331e-02 2.723642185318111628e-02 -3.085147106261375782e+01 -1.078603353800418319e+02
2.024048096192384719e+03 -9.917345168636973463e-03 -2.471598974785034486e-02 2.663144540594314727e-02 -3.104657734268343106e+01 -1.118632323882680595e+02
2.044088176352705432e+03 -1.091229473236126311e-02 -2.299652194791728874e-02 2.545423732950883103e-02 -3.143927032466448424e+01 -1.153852445683746026e+02
2.064128256513025917e+03 -1.132724130808364371e-02 -2.138361783482998352e-02 2.419846084687237581e-02 -3.187871723820805059e+01 -1.179108779645137446e+02
2.084168336673346857e+03 -1.140889282581401473e-02 -1.922228601151225111e-02 2.235305605547684496e-02 -3.256773396152017597e+01 -1.206901583240802438e+02
2.104208416833667343e+03 -1.106255289961852704e-02 -1.813456758247338277e-02 2.124247203270261675e-02 -3.301037100288832704e+01 -1.213842656359524455e+02
2.124248496993987828e+03 -1.060900192301731000e-02 -1.713140360201147183e-02 2.015033278081522494e-02 -3.346882764841471669e+01 -1.217687815683942034e+02
2.144288577154308769e+03 -1.013311416014179775e-02 -1.645055290198933068e-02 1.932099100366271860e-02 -3.383388413997995059e+01 -1.216319926290142064e+02
2.164328657314629254e+03 -9.576140442102884162e-03 -1.634719471175940728e-02 1.894553352933226950e-02 -3.400433530486597533e+01 -1.203616513341385001e+02
2.184368737474949739e+03 -9.142349923964213435e-03 -1.603673113294697139e-02 1.845966704907320982e-02 -3.422999483509315866e+01 -1.196869508737153751e+02
2.204408817635270680e+03 -8.824430528873293544e-03 -1.506407959242190078e-02 1.745843830718352141e-02 -3.471436425413215687e+01 -1.203614681085565081e+02
2.224448897795591165e+03 -8.537226442778426960e-03 -1.483551514237961555e-02 1.711656346569164627e-02 -3.488614061122082433e+01 -1.199186497610124036e+02
2.244488977955911650e+03 -8.283707889233302840e-03 -1.446581355143228970e-02 1.666972039654378984e-02 -3.511590579758701125e+01 -1.197971914352277025e+02
2.264529058116232591e+03 -7.923390270297325094e-03 -1.422057469249852872e-02 1.627896980648259329e-02 -3.532193375259586787e+01 -1.191255866756282842e+02
2.284569138276553076e+03 -7.616816313286992914e-03 -1.391812848332165363e-02 1.586600741297584244e-02 -3.554511904851870696e+01 -1.186900650432705504e+02
2.304609218436874016e+03 -7.172813842800379938e-03 -1.360330494543333761e-02 1.537852931401178722e-02 -3.581617600940635526e+01 -1.178019931489592409e+02
2.324649298597194502e+03 -6.786686881949660979e-03 -1.342284162933508364e-02 1.504100383085645379e-02 -3.600893566835922144e+01 -1.168214945488259673e+02
2.344689378757514987e+03 -6.357715374056654468e-03 -1.304269549050920442e-02 1.450973640131568605e-02 -3.632128165232741424e+01 -1.159871085978243315e+02
2.364729458917835927e+03 -5.762230627666193455e-03 -1.301676607997219286e-02 1.423515019194139010e-02 -3.648723103272124035e+01 -1.138778985031590310e+02
2.384769539078156413e+03 -5.283375979874722038e-03 -1.295102286860821267e-02 1.398724615812312229e-02 -3.663982774597177894e+01 -1.121930270435490797e+02
2.404809619238476898e+03 -4.798869725845747967e-03 -1.295448861376197018e-02 1.381477201729103439e-02 -3.674759766122501503e+01 -1.103266798549793322e+02
2.424849699398797839e+03 -4.121767904969968893e-03 -1.322538505815772959e-02 1.385278963238026871e-02 -3.672372732375344384e+01 -1.073099480352500592e+02
2.444889779559118324e+03 -3.658015445184057725e-03 -1.366753690770586976e-02 1.414859152427220407e-02 -3.654020793568334113e+01 -1.049836103181749820e+02
2.464929859719438809e+03 -3.259160345288252946e-03 -1.390878650447739846e-02 1.428553352813369780e-02 -3.645654280958513027e+01 -1.031878323820948964e+02
2.484969939879759750e+03 -2.559102148102113203e-03 -1.409430865170381401e-02 1.432475270899689380e-02 -3.643272943790299934e+01 -1.002910753297028776e+02
2.505010020040080235e+03 -2.154928058606042727e-03 -1.454887955784820233e-02 1.470760386081094127e-02 -3.620363362715016819e+01 -9.842519056502639785e+01
2.525050100200400720e+03 -1.712998656390419530e-03 -1.411175006158153777e-02 1.421533869442940558e-02 -3.649932787291652403e+01 -9.692116427108126686e+01
2.545090180360721661e+03 -1.352702818393214856e-03 -1.447473895684928298e-02 1.453780838998159318e-02 -3.630449329564294203e+01 -9.533893652169771826e+01
2.565130260521042146e+03 -1.086234299812711924e-03 -1.493426844910397504e-02 1.497371961350926588e-02 -3.604787817378029047e+01 -9.416004562520473087e+01
2.585170340681362632e+03 -8.636586385658958026e-04 -1.532541405512189737e-02 1.534973036261214931e-02 -3.583245708678734331e+01 -9.322547304657115319e+01
2.605210420841683572e+03 -6.542385741301338627e-04 -1.571550073050086496e-02 1.572911285871688922e-02 -3.562038753433965610e+01 -9.238385511633418901e+01
2.625250501002004057e+03 -5.785283993488704070e-04 -1.620641729641971590e-02 1.621674001439701168e-02 -3.535520102202830373e+01 -9.204444731994995266e+01
2.645290581162324543e+03 -4.072022633580243620e-04 -1.660611142164102397e-02 1.661110322137696743e-02 -3.514650256686877583e+01 -9.140468144292441366e+01
2.665330661322645483e+03 -3.937747284232688614e-04 -1.699423414612631633e-02 1.699879562645867370e-02 -3.494610905622558761e+01 -9.132736746785070636e+01
2.685370741482965968e+03 -3.243255625483526636e-04 -1.737863017096285059e-02 1.738165624126833744e-02 -3.475264897402717423e+01 -9.106914807863398664e+01
2.705410821643286454e+03 -4.572326501278200844e-04 -1.775794688075508360e-02 1.776383233190580516e-02 -3.456373879916205993e+01 -9.147492918326996403e+01
2.725450901803607394e+03 -3.759239613333666022e-04 -1.840439713177236675e-02 1.840823599937526506e-02 -3.425422863601435353e+01 -9.117014763234615771e+01
2.745490981963927879e+03 -3.979361566680071735e-04 -1.919026825104524006e-02 1.919439367971436175e-02 -3.389098414577670582e+01 -9.118793520010395071e+01
2.765531062124248365e+03 -4.861513315971993394e-04 -1.946992228302009062e-02 1.947599077900931744e-02 -3.376448090067024310e+01 -9.143034124535280682e+01
2.785571142284569305e+03 -5.694921157363559390e-04 -1.983551959427142658e-02 1.984369317553090137e-02 -3.360202203924386311e+01 -9.164455150345075651e+01
2.805611222444889790e+03 -6.193103612398201526e-04 -1.998319189385962952e-02 1.999278628881817968e-02 -3.353700563258490774e+01 -9.177511761675245339e+01
2.825651302605210276e+03 -6.015947983217632966e-04 -2.011492976553774445e-02 2.012392396561575245e-02 -3.348021875060763364e+01 -9.171308434050507685e+01
2.845691382765531216e+03 -6.732747959068933075e-04 -2.052365928812865600e-02 2.053469964538057191e-02 -3.330470500684137392e+01 -9.187890350289029584e+01
2.865731462925851702e+03 -8.327564294121305626e-04 -2.072263528688622278e-02 2.073936104377445064e-02 -3.321856466301694155e+01 -9.230124059047845719e+01
2.885771543086172642e+03 -8.262450643245733113e-04 -2.094346784002704132e-02 2.095975968546795118e-02 -3.312674612720872602e+01 -9.225921600764834807e+01
2.905811623246493127e+03 -9.696728675914078775e-04 -2.102026689236977108e-02 2.104262069459504267e-02 -3.309247556883838826e+01 -9.264120355235441195e+01
2.925851703406813613e+03 -9.876091016687389354e-04 -2.115176210067762005e-02 2.117480606053715603e-02 -3.303808327918062560e+01 -9.267328867373372248e+01
2.945891783567134553e+03 -1.068430744773004974e-03 -2.127209409261435202e-02 2.129890915848543093e-02 -3.298732488074103486e+01 -9.287537146486502593e+01
2.965931863727455038e+03 -1.116078141706114890e-03 -2.139806355716256450e-02 2.142714993681527416e-02 -3.293518393368449892e+01 -9.298572222091053163e+01
2.985971943887775524e+03 -1.149867032574518983e-03 -2.148717579128172489e-02 2.151792084933033464e-02 -3.289846599199171351e+01 -9.306321062724656201e+01
3.006012024048096464e+03 -1.139098061291835603e-03 -2.168071981796407255e-02 2.171062311907004730e-02 -3.282102633840191430e+01 -9.300753654940079684e+01
3.026052104208416949e+03 -1.111495791101252753e-03 -2.184828318587271265e-02 2.187653768455429318e-02 -3.275490032611033087e+01 -9.291231865658845379e+01
3.046092184368737435e+03 -1.202155186488624563e-03 -2.211605319639718334e-02 2.214870167929198705e-02 -3.264750663233333228e+01 -9.311134634788236042e+01
3.066132264529058375e+03 -1.144766318548341103e-03 -2.206431308236453046e-02 2.209399017200571955e-02 -3.266898897604144736e+01 -9.297002312619932241e+01
3.086172344689378860e+03 -1.087707540137328784e-03 -2.229721747331775764e-02 2.232373209714939855e-02 -3.257913606596373057e+01 -9.279280079299893202e+01
3.106212424849699346e+03 -1.099828996444509981e-03 -2.241321925319784275e-02 2.244018763543073960e-02 -3.253394242602719544e+01 -9.280928201942411704e+01
3.126252505010020286e+03 -1.094918153910380814e-03 -2.246528028807319444e-02 2.249194665175632477e-02 -3.251393121091061289e+01 -9.279028731198857827e+01
3.146292585170340772e+03 -1.141406483282920601e-03 -2.261757954555277186e-02 2.264636203144972104e-02 -3.245450318989351501e+01 -9.288900681083417510e+01
3.166332665330661257e+03 -1.112495481984762452e-03 -2.284280893949513710e-02 2.286988339374985968e-02 -3.236919310011342787e+01 -9.278822851821823292e+01
3.186372745490982197e+03 -1.129269344008387984e-03 -2.286731699558909245e-02 2.289518368190294334e-02 -3.235958946366587696e+01 -9.282717237322034975e+01
3.206412825651302683e+03 -1.121726124926216263e-03 -2.306452527554198398e-02 2.309178632512991561e-02 -3.228532150188178917e+01 -9.278434397383306020e+01
3.226452905811623168e+03 -1.192381306143858915e-03 -2.319557424316942215e-02 2.322620153295898091e-02 -3.223490830422969111e+01 -9.294273093176997236e+01
3.246492985971944108e+03 -1.166858228447191287e-03 -2.337377859788773715e-02 2.340288623371847634e-02 -3.216908367716395389e+01 -9.285792882963106365e+01
3.266533066132264594e+03 -1.095847070385985505e-03 -2.339702897659688349e-02 2.342267802223707909e-02 -3.216174113666150447e+01 -9.268160372602244479e+01
3.286573146292585079e+03 -1.129956741334950127e-03 -2.354413521352258232e-02 2.357123469803655211e-02 -3.210682546292751027e+01 -9.274769546102746176e+01
3.306613226452906019e+03 -1.038360547899595376e-03 -2.364566216555783959e-02 2.366845013673535628e-02 -3.207107570013236142e+01 -9.251443493399649753e+01
3.326653306613226505e+03 -1.032536375969039235e-03 -2.391691906481676483e-02 2.393919691469818117e-02 -3.197228056395573148e+01 -9.247202673646927451e+01
3.346693386773546990e+03 -1.008351456948337237e-03 -2.387146745017644164e-02 2.389275477808205927e-02 -3.198914759052232171e+01 -9.241878542114118034e+01
3.366733466933867930e+03 -9.725982432843824138e-04 -2.410606261830604280e-02 2.412567516776539453e-02 -3.190488258356865003e+01 -9.231043813118394326e+01
3.386773547094188416e+03 -9.450860497534105224e-04 -2.421279536514967315e-02 2.423123288312115792e-02 -3.186696187443855877e+01 -9.223526307776104716e+01
3.406813627254508901e+03 -8.770726518272899596e-04 -2.441623196360007825e-02 2.443197985708300130e-02 -3.179529887259855769e+01 -9.205727744113234223e+01
3.426853707414829842e+03 -8.394760079168472151e-04 -2.451518334368370938e-02 2.452955226542659697e-02 -3.176067968256175433e+01 -9.196121908940664014e+01
3.446893787575150327e+03 -8.163552657260422438e-04 -2.472023602196566153e-02 2.473371191110560266e-02 -3.168868614608896905e+01 -9.189143497919758374e+01
3.466933867735470812e+03 -7.098647940150157841e-04 -2.488797316951194688e-02 2.489809463617906338e-02 -3.163114983908717193e+01 -9.163377035538309201e+01
3.486973947895791753e+03 -7.496085948926849412e-04 -2.510200778587924966e-02 2.511319788334172645e-02 -3.155643173072214580e+01 -9.171048662674742502e+01
3.507014028056112238e+03 -6.490238912401885118e-04 -2.523414095121308959e-02 2.524248604153501649e-02 -3.151182961022084328e+01 -9.147332668218331264e+01
3.527054108216432724e+03 -6.834202281459761906e-04 -2.549305680581757244e-02 2.550221575692748766e-02 -3.142291379184187861e+01 -9.153562276405440912e+01
3.547094188376753664e+03 -6.082016668582770945e-04 -2.559932165823096059e-02 2.560654562078106683e-02 -3.138745220296046767e+01 -9.136100614535715181e+01
3.567134268537074149e+03 -7.247883713595983188e-04 -2.584887658066178928e-02 2.585903591910463165e-02 -3.130222551764103400e+01 -9.160612151340350806e+01
3.587174348697395089e+03 -6.289529528841579769e-04 -2.597262300913047786e-02 2.598023725433152090e-02 -3.126160985019265581e+01 -9.138720329086581273e+01
3.607214428857715575e+03 -7.294869893639793074e-04 -2.618885324723523381e-02 2.619901115830280611e-02 -3.118877410884532964e+01 -9.159555366745547644e+01
3.627254509018036060e+03 -6.562492710826534200e-04 -2.635548545083303898e-02 2.636365445940430305e-02 -3.113435988904619123e+01 -9.142636513750626648e+01
3.647294589178357000e+03 -6.098291283761645082e-04 -2.642380381420701002e-02 2.643083993325821140e-02 -3.111225281394631281e+01 -9.132208193907851523e+01
3.667334669338677486e+03 -6.904723876130794630e-04 -2.665477615181558596e-02 2.666371774193263336e-02 -3.103605803974964772e+01 -9.148387321269520100e+01
3.687374749498997971e+03 -7.659726840426263252e-04 -2.684790750800227985e-02 2.685883191263061312e-02 -3.097272967920479658e+01 -9.163420930751379956e+01
3.707414829659318912e+03 -7.338480208256097353e-04 -2.692167149990044514e-02 2.693167149038881367e-02 -3.094920593875343684e+01 -9.156141809702496914e+01
3.727454909819639397e+03 -7.469547450514775217e-04 -2.714192585572439489e-02 2.715220213074430108e-02 -3.087837094518228298e+01 -9.157640084409153758e+01
3.747494989979959882e+03 -6.653957190792161424e-04 -2.729386750038443124e-02 2.730197711872732816e-02 -3.083059013883565314e+01 -9.139653408387754041e+01
3.767535070140280823e+03 -7.420721515598611030e-04 -2.748185034798650977e-02 2.749186733612773298e-02 -3.077038731528551452e+01 -9.154673986100740990e+01
3.787575150300601308e+03 -7.000609277830840450e-04 -2.764175319197809122e-02 2.765061671697105830e-02 -3.072037566146858012e+01 -9.145077498245242964e+01
3.807615230460921794e+03 -7.038674333165849265e-04 -2.774196474969336385e-02 2.775089255387856724e-02 -3.068893298724053409e+01 -9.145339320108398340e+01
3.827655310621242734e+03 -6.627351423919597851e-04 -2.787477871916809596e-02 2.788265601608906977e-02 -3.064778928670480695e+01 -9.136197580563279530e+01
3.847695390781563219e+03 -6.551691719454410005e-04 -2.803611318184124485e-02 2.804376738223450863e-02 -3.059774498449877456e+01 -9.133868761275064685e+01
3.867735470941883705e+03 -6.434518020989469025e-04 -2.820305757084431986e-02 2.821039678143473853e-02 -3.054628821409410833e+01 -9.130697452817038595e+01
3.887775551102204645e+03 -6.357223568711037635e-04 -2.842699584423992454e-02 2.843410339088362632e-02 -3.047768134079425906e+01 -9.128111102101891561e+01
3.907815631262525130e+03 -6.405148148024067661e-04 -2.855979794857200701e-02 2.856697950591275542e-02 -3.043718564132278814e+01 -9.128476555202111342e+01
3.927855711422845616e+03 -6.630720065803284149e-04 -2.870205888168177177e-02 2.870971697062578085e-02 -3.039389388364294931e+01 -9.132340579471303954e+01
3.947895791583166556e+03 -6.950213116857006717e-04 -2.887300768080705918e-02 2.888137162877900399e-02 -3.034211580935920693e+01 -9.137893839924566919e+01
3.967935871743487041e+03 -7.065812010455453001e-04 -2.895624414827790635e-02 2.896486375193830023e-02 -3.031704230660730914e+01 -9.139783626791756888e+01
3.987975951903807527e+03 -6.563292946967860548e-04 -2.919357337102395852e-02 2.920095022961472636e-02 -3.024653242423075739e+01 -9.128790553778389949e+01
4.008016032064128467e+03 -7.147708642192895446e-04 -2.937937644079793506e-02 2.938806998491818798e-02 -3.019105079767821564e+01 -9.139367411998041746e+01
4.028056112224448952e+03 -7.293675523233040343e-04 -2.946878028289283413e-02 2.947780501305678064e-02 -3.016456926980316311e+01 -9.141781071047027751e+01
4.048096192384769438e+03 -7.041193950149976120e-04 -2.967151103183989641e-02 2.967986440391924899e-02 -3.010523385609279501e+01 -9.135940159043069286e+01
4.068136272545090378e+03 -7.580779451679935804e-04 -2.978207310977024069e-02 2.979171966984534015e-02 -3.007256065069456241e+01 -9.145810164494466221e+01
4.088176352705410864e+03 -7.676218112105370186e-04 -2.992652207705015152e-02 2.993636529161842336e-02 -3.003049071443922458e+01 -9.146932704384369117e+01
4.108216432865731804e+03 -7.394682352051575036e-04 -3.006533464589055543e-02 3.007442702098020795e-02 -2.999052486783157434e+01 -9.140892723185419300e+01
4.128256513026051834e+03 -7.336481347006503125e-04 -3.018192453984051837e-02 3.019083981134306274e-02 -2.995696822864766062e+01 -9.139244486467295303e+01
4.148296593186372775e+03 -6.617378131070140350e-04 -3.037931711304342128e-02 3.038652341397660855e-02 -2.990085181822599480e+01 -9.124784862103581418e+01
4.168336673346693715e+03 -6.433523948087681733e-04 -3.044385567055297656e-02 3.045065270882328992e-02 -2.988253998262097255e+01 -9.121061838078331618e+01
4.188376753507013746e+03 -7.157643244871519103e-04 -3.066890834169325175e-02 3.067725961423853343e-02 -2.981814087218723586e+01 -9.133695112438918784e+01
4.208416833667334686e+03 -6.132582075356951068e-04 -3.079272896156745945e-02 3.079883508397136122e-02 -2.978378629925555998e+01 -9.114093371406461586e+01
4.228456913827655626e+03 -6.190911038477498428e-04 -3.102790730902350511e-02 3.103408296973212896e-02 -2.971769376807114327e+01 -9.114305489516547709e+01
4.248496993987975657e+03 -6.170457067453463673e-04 -3.112052917729335455e-02 3.112664584691032799e-02 -2.969182561802493581e+01 -9.113588951797262894e+01
4.268537074148296597e+03 -5.915976365301986884e-04 -3.144039514222821824e-02 3.144596054285821868e-02 -2.960317480275456248e+01 -9.107797780618844286e+01
4.288577154308617537e+03 -5.469613465055685924e-04 -3.156105272205908530e-02 3.156579185826270673e-02 -2.957013833587691565e+01 -9.099285154282041788e+01
4.308617234468937568e+03 -5.580876989299797270e-04 -3.172940178796507249e-02 3.173430950409694695e-02 -2.952389104400034014e+01 -9.100767020668381235e+01
4.328657314629258508e+03 -5.516199750615146486e-04 -3.199547493537990839e-02 3.200022970132263000e-02 -2.945141019084204359e+01 -9.098771359535977865e+01
4.348697394789579448e+03 -5.357504120535552155e-04 -3.227383039572606638e-02 3.227827685791339468e-02 -2.937626525954356538e+01 -9.095103115961966012e+01
4.368737474949899479e+03 -5.104240060612649788e-04 -3.244826140340179021e-02 3.245227574099323470e-02 -2.932956895694708521e+01 -9.090121098053464266e+01
4.388777555110220419e+03 -5.866435870992225098e-04 -3.274944391379761011e-02 3.275469779071790016e-02 -2.924900016989515450e+01 -9.102623443787112478e+01
4.408817635270541359e+03 -6.517006154185857325e-04 -3.291820103801040842e-02 3.292465145253638953e-02 -2.920404838331547381e+01 -9.113416943764013922e+01
4.428857715430861390e+03 -8.188011230067818126e-04 -3.308433037032652846e-02 3.309446103703680975e-02 -2.915936585101471579e+01 -9.141771869717405252e+01
4.448897795591182330e+03 -8.577349632471929167e-04 -3.323823635146218314e-02 3.324930172233454828e-02 -2.911882152581934591e+01 -9.147822791126050390e+01
4.468937875751503270e+03 -9.704420569748543760e-04 -3.342746579729399120e-02 3.344154941708301493e-02 -2.906874428564038482e+01 -9.166290264291110645e+01
4.488977955911823301e+03 -9.623846479307033869e-04 -3.357748998649814215e-02 3.359127889801095251e-02 -2.902994133065494964e+01 -9.164173936043036406e+01
4.509018036072144241e+03 -1.125013708419200266e-03 -3.370724285454159558e-02 3.372601187064928896e-02 -2.899517233504520064e+01 -9.191159564515477598e+01
4.529058116232465181e+03 -1.157395787541141540e-03 -3.386748294721302760e-02 3.388725374220789843e-02 -2.895374461391099530e+01 -9.195727850485317845e+01
4.549098196392786122e+03 -1.315829645008345476e-03 -3.389903469157450056e-02 3.392456279269128600e-02 -2.894418691897648088e+01 -9.222288499254568706e+01
4.569138276553106152e+03 -1.380778304199358018e-03 -3.409071469133706511e-02 3.411866610656830168e-02 -2.889463123024052393e+01 -9.231938670328169394e+01
4.589178356713427092e+03 -1.481923664221190861e-03 -3.411950854358343499e-02 3.415167581543022274e-02 -2.888623172022105834e+01 -9.248698307342716873e+01
4.609218436873748033e+03 -1.415239157608449722e-03 -3.424818478340696526e-02 3.427741330426811034e-02 -2.885431128420128033e+01 -9.236628959440601250e+01
4.629258517034068063e+03 -1.549958097833196340e-03 -3.432940095239987721e-02 3.436437311891012147e-02 -2.883230358899489332e+01 -9.258512486089438198e+01
4.649298597194389004e+03 -1.525996150303930276e-03 -3.434093837417185463e-02 3.437482672930020078e-02 -2.882966175123512897e+01 -9.254435848996408254e+01
4.669338677354709944e+03 -1.596953155661603096e-03 -3.449913200859883178e-02 3.453607344108629296e-02 -2.878901292221705788e+01 -9.265031037196590091e+01
4.689378757515029974e+03 -1.553667278271096816e-03 -3.454938949868471831e-02 3.458430564205960955e-02 -2.877689089255779820e+01 -9.257482536757791536e+01
4.709418837675350915e+03 -1.519333699205280361e-03 -3.459466888983851740e-02 3.462801597676513216e-02 -2.876591992135237419e+01 -9.251470841480643514e+01
4.729458917835671855e+03 -1.646052668743699151e-03 -3.474342632779213458e-02 3.478239730643933186e-02 -2.872728187442233860e+01 -9.271249588644316475e+01
4.749498997995991886e+03 -1.504867546094572133e-03 -3.478875890725952741e-02 3.482129194384835091e-02 -2.871757449922857219e+01 -9.247691617717067913e+01
4.769539078156312826e+03 -1.533990800275670868e-03 -3.491910534101161367e-02 3.495278308793158678e-02 -2.868483686945912936e+01 -9.251537732129546043e+01
4.789579158316633766e+03 -1.544479789117291771e-03 -3.495865531293568945e-02 3.499275638053736537e-02 -2.867490904136654706e+01 -9.252969298682299382e+01
4.809619238476953797e+03 -1.502578346712837550e-03 -3.515755751560559889e-02 3.518965177649711201e-02 -2.862617272093105569e+01 -9.244724160946856273e+01
4.829659318637274737e+03 -1.461958786162523066e-03 -3.517499139532791891e-02 3.520535957995360454e-02 -2.862229641643404676e+01 -9.237998312123195888e+01
4.849699398797595677e+03 -1.424558819927009131e-03 -3.537256036679371773e-02 3.540123436737620255e-02 -2.857410400108377857e+01 -9.230622614180958863e+01
4.869739478957915708e+03 -1.433445273122275652e-03 -3.540485997231694604e-02 3.543386621595796121e-02 -2.856610128341461419e+01 -9.231848203789226659e+01
4.889779559118236648e+03 -1.341375171184842896e-03 -3.559576324492972482e-02 3.562102817633091417e-02 -2.852034308741973234e+01 -9.215808794680202709e+01
4.909819639278557588e+03 -1.349307475644756765e-03 -3.570555628818168625e-02 3.573104225337320888e-02 -2.849355841576847581e+01 -9.216416888309308320e+01
4.929859719438877619e+03 -1.251802323642963550e-03 -3.578582486097543064e-02 3.580771243793556130e-02 -2.847494056256476824e+01 -9.200341217725667775e+01
4.949899799599198559e+03 -1.217290556773808477e-03 -3.595481095768333912e-02 3.597541142645009626e-02 -2.843435671839061030e+01 -9.193907239287656807e+01
4.969939879759519499e+03 -1.119702945990925982e-03 -3.614862628410961398e-02 3.616596351426961536e-02 -2.838847130920250095e+01 -9.177416831355364479e+01
4.989979959919839530e+03 -1.038584492951821021e-03 -3.624705239695056452e-02 3.626192859206855967e-02 -2.836545413892718059e+01 -9.164124328551609722e+01
5.010020040080160470e+03 -9.822294828934019593e-04 -3.647147466092069690e-02 3.648469869272932820e-02 -2.831225682574248737e+01 -9.154268518685388756e+01
5.030060120240481410e+03 -8.903709005114863713e-04 -3.658294423037717485e-02 3.659377773479207535e-02 -2.828632718760222531e+01 -9.139421324598281160e+01
5.050100200400801441e+03 -8.525630940026142617e-04 -3.683821901153809530e-02 3.684808331204354748e-02 -2.822617405490234077e+01 -9.132578473708075251e+01
5.070140280561122381e+03 -7.987083343706751068e-04 -3.705796772289295105e-02 3.706657398188251129e-02 -2.817482317424618188e+01 -9.123470161425005642e+01
5.090180360721443321e+03 -8.742760594864547189e-04 -3.725556517811456220e-02 3.726582208094883497e-02 -2.812825798233201624e+01 -9.134431287938897981e+01
5.110220440881763352e+03 -8.126339234744952211e-04 -3.740451732401910145e-02 3.741334374439721916e-02 -2.809394162272904794e+01 -9.124458685726924045e+01
5.130260521042084292e+03 -8.331643965698840894e-04 -3.764307776551523155e-02 3.765229696276628513e-02 -2.803864259978301732e+01 -9.126793592766222218e+01
5.150300601202405232e+03 -8.127130012925686551e-04 -3.776048704457973110e-02 3.776923197877266047e-02 -2.801170903129278500e+01 -9.123297765530278980e+01
5.170340681362725263e+03 -8.212610925061674359e-04 -3.792795968207021001e-02 3.793685009890525317e-02 -2.797324673521663385e+01 -9.124044221989400683e+01
5.190380761523046203e+03 -8.202220041490834290e-04 -3.810227292977869801e-02 3.811110030622884975e-02 -2.793344235624522298e+01 -9.123320731864583877e+01
5.210420841683367144e+03 -9.230053720351517801e-04 -3.825554995134312214e-02 3.826668317213439974e-02 -2.789805569246838246e+01 -9.138212766767874484e+01
5.230460921843687174e+03 -8.062229898917351980e-04 -3.836650551732572606e-02 3.837497545432981549e-02 -2.787350989179979877e+01 -9.120382027430443372e+01
5.250501002004008114e+03 -9.117224131580939014e-04 -3.877678449130002314e-02 3.878750125031748403e-02 -2.778063605394232027e+01 -9.134689413374528044e+01
5.270541082164329055e+03 -9.387447064920568423e-04 -3.870265111128422947e-02 3.871403420809767931e-02 -2.779710351637700327e+01 -9.138945431607868386e+01
5.290581162324649085e+03 -9.564683821711549971e-04 -3.872682580987778234e-02 3.873863535380033668e-02 -2.779158575062566428e+01 -9.141479353891109838e+01
5.310621242484970026e+03 -8.174859815830102508e-04 -3.879295590030785307e-02 3.880156840661617978e-02 -2.777748649256696822e+01 -9.120721827121059277e+01
5.330661322645290966e+03 -8.358167153833824916e-04 -3.892385218584172579e-02 3.893282494973836216e-02 -2.774815376397384270e+01 -9.123013034834680468e+01
5.350701402805610996e+03 -5.919919910617744670e-04 -3.907920520076564597e-02 3.908368884382627112e-02 -2.771456116404750247e+01 -9.086787968828703299e+01
5.370741482965931937e+03 -5.659899322634693621e-04 -3.907705988387685792e-02 3.908115855206344136e-02 -2.771512350980122719e+01 -9.082981081629691289e+01
5.390781563126252877e+03 -4.105747773665231249e-04 -3.922367964370239435e-02 3.922582843535115521e-02 -2.768302961580342014e+01 -9.059972299929597739e+01
5.410821643286572908e+03 -2.127901030522135460e-04 -3.932114512411410967e-02 3.932172088680249700e-02 -2.766182178255059299e+01 -9.031005851368787773e+01
5.430861723446893848e+03 1.217877430139518325e-05 -3.952479520270399393e-02 3.952479707902668143e-02 -2.761707912708111579e+01 -8.998234545324145017e+01
5.450901803607214788e+03 2.475686883658725890e-04 -3.951409974465992098e-02 3.951487528623103679e-02 -2.761925979395658715e+01 -8.964102800073231947e+01
5.470941883767534819e+03 4.676844290402890850e-04 -3.976711107811733287e-02 3.976986110391245860e-02 -2.756339062144066077e+01 -8.932619926639192443e+01
5.490981963927855759e+03 7.928268568229654987e-04 -3.987846833503406324e-02 3.988634868188882521e-02 -2.753798647603903049e+01 -8.886104830100028096e+01
5.511022044088176699e+03 1.188887690421505791e-03 -4.000928898522023575e-02 4.002694915982606821e-02 -2.750742231393992299e+01 -8.829794005639757870e+01
5.531062124248496730e+03 1.613497410812834250e-03 -4.001548816856503182e-02 4.004800453534817367e-02 -2.750285447683609519e+01 -8.769098057951134706e+01
5.551102204408817670e+03 2.337425353767157241e-03 -4.008698325584485883e-02 4.015507170755419630e-02 -2.747966398994607573e+01 -8.666292826167941143e+01
5.571142284569138610e+03 3.241614666297139725e-03 -4.018933542923057434e-02 4.031985550430409321e-02 -2.744409276490249283e+01 -8.538858690044136779e+01
5.591182364729458641e+03 4.426698994517008420e-03 -4.044646946753045758e-02 4.068799032117377534e-02 -2.736514731533643641e+01 -8.375407319582267007e+01
5.611222444889779581e+03 6.174121089602136771e-03 -4.068440827619317079e-02 4.115022294001631498e-02 -2.726702825704369104e+01 -8.137083756525387912e+01
5.631262525050100521e+03 8.547803040463987714e-03 -4.142843196734703748e-02 4.230106277733063080e-02 -2.702744653012858578e+01 -7.834192910104547991e+01
5.651302605210420552e+03 1.189269837211126730e-02 -4.268638812457860310e-02 4.431212030237531574e-02 -2.662402148176824568e+01 -7.443182595054918238e+01
5.671342685370741492e+03 1.754821453796425249e-02 -4.573613201846532528e-02 4.898707590253687655e-02 -2.575284177237336181e+01 -6.900899925977286387e+01
5.691382765531062432e+03 2.577298717514917015e-02 -5.357211626142015237e-02 5.944929359258629281e-02 -2.407153813632596240e+01 -6.430827727412878403e+01
5.711422845691382463e+03 3.051272360457684893e-02 -7.919033764276590948e-02 8.486539858944026904e-02 -2.097985899929819098e+01 -6.892789358853154624e+01
5.731462925851703403e+03 -4.591898848211265621e-03 -9.934049034631985131e-02 9.944656131450432812e-02 -1.960267669401483914e+01 -9.264654706071735291e+01
5.751503006012024343e+03 -2.529059173413197859e-02 -7.967244724334343609e-02 8.359014822337551553e-02 -2.111137019918496804e+01 -1.076111087780627855e+02
5.771543086172345284e+03 -2.631017563428744710e-02 -6.773469090555489514e-02 7.266507891675418052e-02 -2.232795711483746715e+01 -1.112276559216627021e+02
5.791583166332665314e+03 -2.592123000074354408e-02 -6.265489169445531692e-02 6.780520347285577676e-02 -2.292921163467933354e+01 -1.124755834320310726e+02
5.811623246492986254e+03 -2.678995263998713502e-02 -6.112025289646090542e-02 6.673370120546358308e-02 -2.306756785586688707e+01 -1.136685828660796034e+02
5.831663326653307195e+03 -2.977730413397380177e-02 -6.026225197724491278e-02 6.721775699066528942e-02 -2.300479178030792937e+01 -1.162952959500549781e+02
5.851703406813627225e+03 -3.545191949793720376e-02 -5.908529293037328295e-02 6.890508280784690687e-02 -2.278944692626526347e+01 -1.209642868336171091e+02
5.871743486973948166e+03 -4.445886939792446230e-02 -5.534385355232885467e-02 7.098966962990690965e-02 -2.253056900439326427e+01 -1.287756378626897344e+02
5.891783567134269106e+03 -5.658977613376881682e-02 -4.425163586943003241e-02 7.183738608823887761e-02 -2.242746167605160323e+01 -1.419755783263662465e+02
5.911823647294589136e+03 -6.264437009195464312e-02 -1.711364279541550612e-02 6.493992511503889065e-02 -2.330423643603647577e+01 -1.647203543047237702e+02
5.931863727454910077e+03 -3.805992118606415370e-02 1.138364936192673427e-02 3.972587410598676927e-02 -2.757300286661270050e+01 1.633481768791067168e+02
5.951903807615231017e+03 -5.811682345049118924e-03 5.976267507169842098e-03 8.336151689899222797e-03 -4.113515993127735015e+01 1.342000795235160240e+02
5.971943887775551048e+03 5.195110420169156591e-03 -1.019578455951943713e-02 1.144304133794355957e-02 -3.838364276918119344e+01 -6.299955962653640995e+01
5.991983967935871988e+03 6.830306866253815605e-03 -2.108478285657962997e-02 2.216350964978941115e-02 -3.264170144236721427e+01 -7.205053528847963662e+01
6.012024048096192928e+03 5.873096359405228194e-03 -2.735393760768308966e-02 2.797733303036367691e-02 -3.061834585505565443e+01 -7.788213774669385714e+01
6.032064128256512959e+03 4.433228965703356686e-03 -3.124347678228794195e-02 3.155643136521804615e-02 -2.957271442417000173e+01 -8.192404445799326140e+01
6.052104208416833899e+03 3.281145354009452897e-03 -3.361744181430564860e-02 3.377718622047081592e-02 -2.898200274152748790e+01 -8.442544717126264686e+01
6.072144288577154839e+03 2.316638432056185738e-03 -3.514585304489858952e-02 3.522212088842020805e-02 -2.861816203941783598e+01 -8.622880482627331844e+01
6.092184368737474870e+03 1.685546343149768155e-03 -3.640090642530829923e-02 3.643991019553912553e-02 -2.832292614570168610e+01 -8.734880897364411112e+01
6.112224448897795810e+03 1.030815789301408984e-03 -3.717073372019909228e-02 3.718502422332704838e-02 -2.814711073108243511e+01 -8.841148520131532962e+01
6.132264529058116750e+03 6.726159021656486067e-04 -3.793819977127096954e-02 3.794416179119932536e-02 -2.797157283680784090e+01 -8.898429510153236777e+01
6.152304609218436781e+03 3.379567249840026693e-04 -3.843958907627730709e-02 3.844107468712366221e-02 -2.785856169329560927e+01 -8.949627465921535929e+01
6.172344689378757721e+03 1.584220922375759370e-05 -3.896578078760833813e-02 3.896578400806970099e-02 -2.774080372873820721e+01 -8.997670541541002365e+01
6.192384769539078661e+03 -2.576918108913709739e-04 -3.927430795531549473e-02 3.927515334710175721e-02 -2.767211431801918309e+01 -9.037593129134934600e+01
6.212424849699398692e+03 -3.226280729470609775e-04 -3.960736674277572089e-02 3.960868072998884742e-02 -2.759866455899263826e+01 -9.046670151606529942e+01
6.232464929859719632e+03 -4.494419072114571841e-04 -3.988716345844466743e-02 3.988969549631384698e-02 -2.753725768430584253e+01 -9.064557196971092878e+01
6.252505010020040572e+03 -5.200639064723952716e-04 -4.014250388252110779e-02 4.014587257022866201e-02 -2.748165407095055457e+01 -9.074225065953453395e+01
6.272545090180360603e+03 -5.907842173055923712e-04 -4.033649541753788620e-02 4.034082161484160711e-02 -2.743957732236286517e+01 -9.083911658140461043e+01
6.292585170340681543e+03 -5.491118355068559968e-04 -4.086590067616050620e-02 4.086958969553902005e-02 -2.732646655186697160e+01 -9.076983247293669876e+01
6.312625250501002483e+03 -7.461695446432282811e-04 -4.074716888897630257e-02 4.075400031231426329e-02 -2.735106721687252218e+01 -9.104909344707576224e+01
6.332665330661322514e+03 -6.470202780495202524e-04 -4.106906541534088850e-02 4.107416182139029398e-02 -2.728309791016408070e+01 -9.090258846144230631e+01
6.352705410821643454e+03 -7.550733080235916446e-04 -4.109934420629635099e-02 4.110627968921676950e-02 -2.727630864828068624e+01 -9.105251429608441072e+01
6.372745490981964394e+03 -6.781075407498748410e-04 -4.127325315151762763e-02 4.127882333044489288e-02 -2.723992592466235152e+01 -9.094126829932297085e+01
6.392785571142284425e+03 -6.859000870689287025e-04 -4.146711114578217200e-02 4.147278343330831896e-02 -2.719920842807917793e+01 -9.094763284902026612e+01
6.412825651302605365e+03 -6.203070451021077672e-04 -4.166613307618396295e-02 4.167075024945524758e-02 -2.715784571253477964e+01 -9.085293132938787153e+01
6.432865731462926306e+03 -6.297497713066110055e-04 -4.176935088102631116e-02 4.177409792918039544e-02 -2.713633049574143286e+01 -9.086377378893131151e+01
6.452905811623246336e+03 -5.039507942277378014e-04 -4.200819674235000550e-02 4.201121945322449508e-02 -2.708716634737135109e+01 -9.068731511460353545e+01
6.472945891783567276e+03 -3.231617904856878983e-04 -4.200836949800989401e-02 4.200961248838364082e-02 -2.708749859638481894e+01 -9.044075601313140567e+01
6.492985971943888217e+03 -4.612025629118717040e-04 -4.211976918891098542e-02 4.212229414848118331e-02 -2.706423177436204242e+01 -9.062735159383527161e+01
6.513026052104208247e+03 -2.678111817674834580e-04 -4.234157901345694114e-02 4.234242596004504644e-02 -2.701895736990859476e+01 -9.036239191266859905e+01
6.533066132264529188e+03 -2.332736333522934498e-04 -4.248097992887277935e-02 4.248162040583326748e-02 -2.699045062609299350e+01 -9.031462222261251327e+01
6.553106212424850128e+03 -1.498933741228913137e-04 -4.270798664049180876e-02 4.270824968209342015e-02 -2.694423664492247994e+01 -9.020109171904684331e+01
6.573146292585170158e+03 1.218377932806874827e-05 -4.293508283104355977e-02 4.293508455975195148e-02 -2.689822565438714719e+01 -8.998374105581615368e+01
6.593186372745491099e+03 -1.474345694066041002e-05 -4.309497966200483837e-02 4.309498218398671865e-02 -2.686593799568079532e+01 -9.001960176873967612e+01
6.613226452905812039e+03 9.770224997674689703e-05 -4.334536073652146826e-02 4.334547084885372048e-02 -2.681559760730017672e+01 -8.987085314328822960e+01
6.633266533066132070e+03 1.571566684595123364e-04 -4.338215274088278589e-02 4.338243739869539900e-02 -2.680819313051392427e+01 -8.979244058057889788e+01
6.653306613226453010e+03 3.037726984037309027e-04 -4.373269354098045791e-02 4.373374854962251701e-02 -2.673813803354483554e+01 -8.960202282942286445e+01
6.673346693386773950e+03 3.714430876146820036e-04 -4.386175789846687156e-02 4.386333065227785571e-02 -2.671243999260558155e+01 -8.951480256288962778e+01
6.693386773547093981e+03 2.565540733458008789e-04 -4.404714355660896419e-02 4.404789070419909414e-02 -2.667596977701766292e+01 -8.966628257342743780e+01
6.713426853707414921e+03 3.364687479978625741e-04 -4.432105745922104018e-02 4.432233461272039321e-02 -2.662201954306700813e+01 -8.956504041275830730e+01
6.733466933867735861e+03 3.138672130554238980e-04 -4.448572532803063417e-02 4.448683255288487376e-02 -2.658984240114375552e+01 -8.959575868185663694e+01
6.753507014028055892e+03 3.826293033415599856e-04 -4.462595852115894268e-02 4.462759884999387139e-02 -2.656240169330023804e+01 -8.950874989089695077e+01
6.773547094188376832e+03 2.040711139527453296e-04 -4.491816935509811148e-02 4.491863291812012854e-02 -2.650594150178526576e+01 -8.973969702520456337e+01
6.793587174348697772e+03 2.931271155823217769e-04 -4.500264190164593447e-02 4.500359654109511304e-02 -2.648952765447604207e+01 -8.962680615262090100e+01
6.813627254509017803e+03 -2.048312064353376803e-05 -4.488189940593245025e-02 4.488190407995711756e-02 -2.651304664086954688e+01 -9.002614854313624448e+01
6.833667334669338743e+03 3.330491933834192928e-05 -4.521308832023626656e-02 4.521310058678941479e-02 -2.644918629087724682e+01 -8.995779472181921221e+01
6.853707414829659683e+03 -5.452117794096902930e-05 -4.527938495450954670e-02 4.527941777913569582e-02 -2.643645542809768401e+01 -9.006899015707745093e+01
6.873747494989979714e+03 -4.254469440366665938e-05 -4.517315547362197453e-02 4.517317550820448141e-02 -2.645685968697046775e+01 -9.005396193123350201e+01
6.893787575150300654e+03 1.339070374547900973e-05 -4.515387873011159070e-02 4.515388071566574235e-02 -2.646057047857900812e+01 -8.998300852975621922e+01
6.913827655310621594e+03 7.306066362651697467e-05 -4.510872030639546254e-02 4.510877947297160101e-02 -2.646925057837584561e+01 -8.990720055932922605e+01
6.933867735470941625e+03 6.784844518578793783e-05 -4.508653697773735286e-02 4.508658802855226161e-02 -2.647352468793079083e+01 -8.991377854938959047e+01
6.953907815631262565e+03 2.611277750477858199e-04 -4.503412408045726761e-02 4.503488114127672526e-02 -2.648349168846510793e+01 -8.966777744534068972e+01
6.973947895791583505e+03 3.892251680543304219e-04 -4.491164703416355986e-02 4.491333360543101755e-02 -2.650696628721543746e+01 -8.950346062583371065e+01
6.993987975951903536e+03 5.918592497759270731e-04 -4.498015541897096986e-02 4.498404916063392101e-02 -2.649330120340591677e+01 -8.924613243646277283e+01
7.014028056112224476e+03 7.477120061787684204e-04 -4.490637281180764190e-02 4.491259725686369553e-02 -2.650710869247257406e+01 -8.904608675352051250e+01
7.034068136272545416e+03 1.115019226567099146e-03 -4.495929102579895170e-02 4.497311549601717279e-02 -2.649541262176888523e+01 -8.857931917974501346e+01
7.054108216432865447e+03 1.252537825848793395e-03 -4.501382774779033591e-02 4.503125069896372901e-02 -2.648419192107509446e+01 -8.840612048474466178e+01
7.074148296593186387e+03 1.555680421420656007e-03 -4.501854398635275756e-02 4.504541535189535151e-02 -2.648146019001679363e+01 -8.802084962657704637e+01
7.094188376753507328e+03 1.871812705680633328e-03 -4.515234556727376614e-02 4.519112737066485752e-02 -2.645340859194262606e+01 -8.762613451650769036e+01
7.114228456913828268e+03 2.252095523906514057e-03 -4.524471155653386062e-02 4.530072690457349199e-02 -2.643236868887029445e+01 -8.715040378312770031e+01
7.134268537074148298e+03 2.571279984413229851e-03 -4.535597077319773740e-02 4.542879665517689236e-02 -2.640784744341707579e+01 -8.675531213505219341e+01
7.154308617234469239e+03 2.933147283512697791e-03 -4.564525776488985442e-02 4.573940215405111059e-02 -2.634866243026768018e+01 -8.632324976371329228e+01
7.174348697394790179e+03 3.121334207584932664e-03 -4.582824297414365283e-02 4.593441608785929497e-02 -2.631170810471467547e+01 -8.610363624041117703e+01
7.194388777555110210e+03 3.469584144946726879e-03 -4.608719861857874661e-02 4.621761450623768780e-02 -2.625832158820010775e+01 -8.569472106136834100e+01
7.214428857715431150e+03 3.790822875336542080e-03 -4.646764197235724037e-02 4.662201291818438009e-02 -2.618265169832439199e+01 -8.533614748012089990e+01
7.234468937875752090e+03 4.133371695172055604e-03 -4.678458706865894212e-02 4.696682178682499292e-02 -2.611864865052351092e+01 -8.495108419957892920e+01
7.254509018036072121e+03 4.189861563907752544e-03 -4.698876709904633436e-02 4.717519659114448316e-02 -2.608019773263212926e+01 -8.490456571173685063e+01
7.274549098196393061e+03 4.394559102674379554e-03 -4.731695652761842841e-02 4.752059053445600867e-02 -2.601683552680997380e+01 -8.469387988661691224e+01
7.294589178356714001e+03 4.396943722130503343e-03 -4.774185119172007219e-02 4.794389918757052671e-02 -2.593980507595292551e+01 -8.473799974181356731e+01
7.314629258517034032e+03 4.483845327144892964e-03 -4.820716091420401000e-02 4.841523760476362792e-02 -2.585483075463020342e+01 -8.468609267615622116e+01
7.334669338677354972e+03 4.491443233343426523e-03 -4.839538261722337031e-02 4.860335503836944043e-02 -2.582114712202940154e+01 -8.469772360969822955e+01
7.354709418837675912e+03 4.584196028723505796e-03 -4.866230178528544587e-02 4.887775023742357144e-02 -2.577224794912235950e+01 -8.461837574642986226e+01
7.374749498997995943e+03 4.362700462344010904e-03 -4.868668954101563334e-02 4.888176442997303750e-02 -2.577153463065695860e+01 -8.487953486510741641e+01
7.394789579158316883e+03 4.477798371094052036e-03 -4.914945652596759695e-02 4.935301161074318738e-02 -2.568819892067070043e+01 -8.479439559843152097e+01
7.414829659318637823e+03 4.480438100476596443e-03 -4.920769227088877401e-02 4.941124673795115746e-02 -2.567795586402116470e+01 -8.479747412445584587e+01
7.434869739478957854e+03 4.326179499308745700e-03 -4.943037180455037843e-02 4.961932572895694921e-02 -2.564145493775968987e+01 -8.499817982242645087e+01
7.454909819639278794e+03 4.334697841356419633e-03 -4.936689470662653650e-02 4.955683503161811138e-02 -2.565240086202538805e+01 -8.498197006294185485e+01
7.474949899799599734e+03 4.212115082075518040e-03 -4.939514735548775765e-02 4.957441372053730116e-02 -2.564932036913426572e+01 -8.512595874123664430e+01
7.494989979959919765e+03 4.336297916609614840e-03 -4.953222231585280300e-02 4.972167059913272513e-02 -2.562355786414985914e+01 -8.499679725049766432e+01
7.515030060120240705e+03 4.313459413090874398e-03 -4.931651610333946667e-02 4.950479464334058693e-02 -2.566152683970949511e+01 -8.500135667079881330e+01
7.535070140280561645e+03 4.323127722274785513e-03 -4.907361147611921659e-02 4.926366588686027087e-02 -2.570393758332500056e+01 -8.496553918762018043e+01
7.555110220440881676e+03 4.470587370127932468e-03 -4.896506052266298009e-02 4.916872281666461592e-02 -2.572069355757748355e+01 -8.478326826550708972e+01
7.575150300601202616e+03 4.638229783021581391e-03 -4.872725760493641645e-02 4.894751075609404811e-02 -2.575985989591761438e+01 -8.456253621624702532e+01
7.595190380761523556e+03 4.755384670747873563e-03 -4.842465451177750679e-02 4.865758777366380183e-02 -2.581146061090297650e+01 -8.439143827827452071e+01
7.615230460921843587e+03 4.959145136019333690e-03 -4.810070406335129750e-02 4.835567031765979767e-02 -2.586552394658795251e+01 -8.411364718412238517e+01
7.635270541082164527e+03 5.329470277940275176e-03 -4.774130691205023119e-02 4.803785631264184675e-02 -2.592279972997848603e+01 -8.363031410762135920e+01
7.655310621242485468e+03 5.609205012232331387e-03 -4.738454060972038112e-02 4.771538399367118016e-02 -2.598130364178822305e+01 -8.324895654047112714e+01
7.675350701402805498e+03 6.044681217928219406e-03 -4.678865344507017465e-02 4.717749741380154044e-02 -2.607977411586335137e+01 -8.263866454136984885e+01
7.695390781563126438e+03 6.653865581481560078e-03 -4.629106470274689522e-02 4.676683224776213149e-02 -2.615571302657573938e+01 -8.182034609965187144e+01
7.715430861723447379e+03 7.284618216537579183e-03 -4.578510214366489361e-02 4.636098835083802411e-02 -2.623141838706409601e+01 -8.095975474995920251e+01
7.735470941883767409e+03 8.079168710181522384e-03 -4.500264613293820243e-02 4.572210762873944734e-02 -2.635194727304683227e+01 -7.982230515610245902e+01
7.755511022044088350e+03 8.939948712456530916e-03 -4.428002952829462879e-02 4.517348445723439604e-02 -2.645680028251259941e+01 -7.858566617981445290e+01
7.775551102204409290e+03 1.011678237781993284e-02 -4.347675634526621674e-02 4.463829777204562921e-02 -2.656031960685626814e+01 -7.690071977561629524e+01
7.795591182364729320e+03 1.143204015622897862e-02 -4.246085064286965471e-02 4.397289368974614809e-02 -2.669077118904423429e+01 -7.493116876637047596e+01
7.815631262525050261e+03 1.314010526334252228e-02 -4.138197003571691956e-02 4.341808160626969837e-02 -2.680105949412146060e+01 -7.238368416437030817e+01
7.835671342685371201e+03 1.538737024513868110e-02 -4.018009486033059102e-02 4.302570378327522094e-02 -2.687991244713627026e+01 -6.904515743768520508e+01
7.855711422845691231e+03 1.823903615869407885e-02 -3.894049742306985445e-02 4.300028813338650086e-02 -2.688504479217566256e+01 -6.490244432675393682e+01
7.875751503006012172e+03 2.193066028646552951e-02 -3.764990376826107821e-02 4.357142543410390256e-02 -2.677043674454669286e+01 -5.977966442194832553e+01
7.895791583166333112e+03 2.703024769267555263e-02 -3.669227478639017215e-02 4.557364720238393091e-02 -2.638019638535165257e+01 -5.362188825637770861e+01
7.915831663326653143e+03 3.374242822766334443e-02 -3.635329822508159836e-02 4.959953381374398312e-02 -2.564492021430768176e+01 -4.713312163013370082e+01
7.935871743486974083e+03 4.276507443911373857e-02 -3.792355975601139489e-02 5.715809633245937799e-02 -2.441291698474040928e+01 -4.156623051343528630e+01
7.955911823647295023e+03 5.350540216723156245e-02 -4.348104131634955571e-02 6.894511596212805904e-02 -2.278440197786725108e+01 -3.909895553514869704e+01
7.975951903807615054e+03 6.387715847651175005e-02 -5.561549471324840621e-02 8.469577691498413052e-02 -2.099723698257322724e+01 -4.104489189925442361e+01
7.995991983967935994e+03 6.810690700115497320e-02 -7.446324372117667234e-02 1.009124642784196835e-01 -1.947557587062861373e+01 -4.755278014771351991e+01
8.016032064128256934e+03 6.138330653570651246e-02 -9.407031372233511102e-02 1.123260176676581928e-01 -1.854486486642784016e+01 -5.687451516118137107e+01
8.036072144288576965e+03 4.694890265278663793e-02 -1.059852229501027920e-01 1.159183632738309128e-01 -1.827142729732926796e+01 -6.610781029660613228e+01
8.056112224448897905e+03 3.222054687639005349e-02 -1.095919302985037119e-01 1.142302710649228253e-01 -1.839884795851168064e+01 -7.361641393704289271e+01
8.076152304609218845e+03 2.061533564425328466e-02 -1.079470313551140898e-01 1.098979237388368613e-01 -1.873468235508401492e+01 -7.918804808727142586e+01
8.096192384769538876e+03 1.263151855422480797e-02 -1.045661636190347576e-01 1.053263397018451147e-01 -1.910373226863742602e+01 -8.311208489676525346e+01
8.116232464929859816e+03 7.316244640227245744e-03 -1.006431858577072763e-01 1.009087622321503952e-01 -1.947589452457685866e+01 -8.584220373008272986e+01
8.136272545090180756e+03 3.574959197412478241e-03 -9.729907068676724169e-02 9.736472405225464477e-02 -1.978643935925503428e+01 -8.789578692319395259e+01
8.156312625250500787e+03 1.157699819134121308e-03 -9.418317059845199291e-02 9.419028555455354057e-02 -2.007434983497402925e+01 -8.929575557160652011e+01
8.176352705410821727e+03 -5.949292033163976895e-04 -9.160303334651309637e-02 9.160496525319655747e-02 -2.031609181940195796e+01 -9.037211052908361353e+01
8.196392785571142667e+03 -1.787107288408805103e-03 -8.933079968048862618e-02 8.934867387944754602e-02 -2.053270988469349589e+01 -9.114607782315613349e+01
8.216432865731463608e+03 -2.727418280395815624e-03 -8.760455660230044572e-02 8.764700307461686934e-02 -2.069973068985799358e+01 -9.178323025747258157e+01
8.236472945891784548e+03 -3.499718867729729836e-03 -8.601333023798259092e-02 8.608449924801439557e-02 -2.085597295524119232e+01 -9.232997112505931625e+01
8.256513026052103669e+03 -4.043356477147043784e-03 -8.459948569915187733e-02 8.469605487956502476e-02 -2.099720847624388043e+01 -9.273631811501276445e+01
8.276553106212424609e+03 -4.453555109876217166e-03 -8.345302122972969583e-02 8.357177098450421782e-02 -2.111327999622591989e+01 -9.305474967205337578e+01
8.296593186372745549e+03 -4.809636460357277418e-03 -8.252963038233375459e-02 8.266965884727855984e-02 -2.120754919719154685e+01 -9.333529338663126396e+01
8.316633266533066490e+03 -5.095218750434477896e-03 -8.163732642265035533e-02 8.179617545798302525e-02 -2.129981214881120621e+01 -9.357136082905611829e+01
8.336673346693387430e+03 -5.429018977307308730e-03 -8.096504000392817924e-02 8.114685422056515385e-02 -2.136903833753645188e+01 -9.383616101410653698e+01
8.356713426853708370e+03 -5.652730467542171552e-03 -8.025872206099350648e-02 8.045754053289526364e-02 -2.144313705171526863e+01 -9.402876645382568199e+01
8.376753507014027491e+03 -5.869449313285037342e-03 -7.984058143144973085e-02 8.005603586584322806e-02 -2.148659047888220641e+01 -9.420451355919288972e+01
8.396793587174348431e+03 -6.022012587296287321e-03 -7.937224714221587096e-02 7.960036590372276954e-02 -2.153617082398777782e+01 -9.433874745606775036e+01
8.416833667334669371e+03 -6.340715473660104434e-03 -7.892314714636508577e-02 7.917744519877303877e-02 -2.158244241862414370e+01 -9.459329893646099663e+01
8.436873747494990312e+03 -6.410353235223472355e-03 -7.851168685283256565e-02 7.877294967866560471e-02 -2.162692994434459948e+01 -9.466775435709878650e+01
8.456913827655311252e+03 -6.683285154988282371e-03 -7.819981067429213062e-02 7.848488191975584727e-02 -2.165875192148141792e+01 -9.488486845227639321e+01
8.476953907815632192e+03 -6.832875720114231673e-03 -7.780632433426412642e-02 7.810577633578216772e-02 -2.170080903694022822e+01 -9.501878412712875388e+01
8.496993987975951313e+03 -7.175931473978795425e-03 -7.760131258330975335e-02 7.793239189946493672e-02 -2.172011198974539070e+01 -9.528321789593596236e+01
8.517034068136272253e+03 -7.204249513361307700e-03 -7.734057486236815826e-02 7.767538690661501821e-02 -2.174880360209620989e+01 -9.532172680510251439e+01
8.537074148296593194e+03 -7.522843812271589811e-03 -7.720205620423570281e-02 7.756771661706822474e-02 -2.176085196213318440e+01 -9.556553419147289219e+01
8.557114228456914134e+03 -7.594424447494768464e-03 -7.691738253769572764e-02 7.729139032996447389e-02 -2.179184971523324066e+01 -9.563881281599286410e+01
8.577154308617235074e+03 -7.798020232097466371e-03 -7.665923157649333353e-02 7.705483051333403277e-02 -2.181847471528455884e+01 -9.580832934570105408e+01
8.597194388777556014e+03 -7.858424034393643454e-03 -7.653517640306466141e-02 7.693755945799529705e-02 -2.183170398773771126e+01 -9.586243081726934179e+01
8.617234468937875135e+03 -8.133024029124184817e-03 -7.629971936149002043e-02 7.673195719190568920e-02 -2.185494658909602350e+01 -9.608436078768465904e+01
8.637274549098196076e+03 -8.272119485264598990e-03 -7.618611047049801688e-02 7.663387886177640274e-02 -2.186605594290573151e+01 -9.619677365187060047e+01
8.657314629258517016e+03 -8.488870557374333242e-03 -7.604629116869912608e-02 7.651862076550010328e-02 -2.187912943887328154e+01 -9.636942599047478097e+01
8.677354709418837956e+03 -8.628260532434595120e-03 -7.591532196276973288e-02 7.640407704125845578e-02 -2.189214142921649753e+01 -9.648420581217740732e+01
8.697394789579158896e+03 -8.799401184472857226e-03 -7.575704997183133060e-02 7.626637582604703369e-02 -2.190780992119026394e+01 -9.662538205538129432e+01
8.717434869739479836e+03 -9.120937960309060538e-03 -7.563670914859622896e-02 7.618466564936245133e-02 -2.191712078765704774e+01 -9.687602643176002459e+01
8.737474949899798958e+03 -9.279792042110093439e-03 -7.550671318651276664e-02 7.607482025332107378e-02 -2.192965340783681683e+01 -9.700652854901792921e+01
8.757515030060119898e+03 -9.437204516045474834e-03 -7.540905816250211002e-02 7.599728207004047276e-02 -2.193851089255340980e+01 -9.713329946212228094e+01
8.777555110220440838e+03 -9.666885674289591238e-03 -7.509677922892289692e-02 7.571641122766827048e-02 -2.197067168006761051e+01 -9.733510200286711722e+01
8.797595190380761778e+03 -9.796619030262510713e-03 -7.494287038347172136e-02 7.558047079595327233e-02 -2.198628024898429700e+01 -9.744754116732275406e+01
8.817635270541082718e+03 -1.005276017062993466e-02 -7.457276292193884548e-02 7.524729202343363732e-02 -2.202465459997866759e+01 -9.767745883811224417e+01
8.837675350701403659e+03 -9.993914801485880711e-03 -7.440097785217886228e-02 7.506919367103770391e-02 -2.204523708433297813e+01 -9.765046456529384500e+01
8.857715430861722780e+03 -1.008339828611179087e-02 -7.415873571410153131e-02 7.484111840232160473e-02 -2.207166672902306459e+01 -9.774304942491703230e+01
8.877755511022043720e+03 -1.014956760054257570e-02 -7.396729991038514251e-02 7.466039899780101130e-02 -2.209266597498376683e+01 -9.781315948966691565e+01
8.897795591182364660e+03 -1.007741504898733778e-02 -7.367292226130880972e-02 7.435895217517798916e-02 -2.212780687962278137e+01 -9.778891545255926587e+01
8.917835671342685600e+03 -9.970740489699977255e-03 -7.345423531477901502e-02 7.412786487948963554e-02 -2.215484228124847377e+01 -9.773013160235116459e+01
8.937875751503006541e+03 -9.845226524513995062e-03 -7.331425864330988473e-02 7.397235298229422329e-02 -2.217308343838374896e+01 -9.764838061696022464e+01
8.957915831663327481e+03 -9.854760925695208590e-03 -7.339176771610526895e-02 7.405044146659331417e-02 -2.216391906580083315e+01 -9.764771027824231453e+01
8.977955911823646602e+03 -9.557866111617210197e-03 -7.316208479028547818e-02 7.378376146191330254e-02 -2.219525627405166546e+01 -9.744294700369312068e+01
8.997995991983967542e+03 -9.484166681546380567e-03 -7.327570643033100295e-02 7.388693098584760144e-02 -2.218311954969760791e+01 -9.737486470488204304e+01
9.018036072144288482e+03 -9.292966641192548435e-03 -7.329298660605290672e-02 7.387977473320671284e-02 -2.218396085451532329e+01 -9.722609014533479410e+01
9.038076152304609423e+03 -9.336703573670883383e-03 -7.345482652546239666e-02 7.404583427518643401e-02 -2.216445949203254173e+01 -9.724391243414510200e+01
9.058116232464930363e+03 -9.141525939001570247e-03 -7.354633120373116340e-02 7.411228191077616489e-02 -2.215666839853057368e+01 -9.708530580089495743e+01
9.078156312625251303e+03 -9.190026002706132638e-03 -7.380411868892498839e-02 7.437408495826580701e-02 -2.212603939491589600e+01 -9.709788783241340582e+01
9.098196392785572243e+03 -9.143416219798384051e-03 -7.393935117284536340e-02 7.450254835929991104e-02 -2.211104954491749908e+01 -9.704946679992683300e+01
9.118236472945891364e+03 -9.288738024130202553e-03 -7.425064306344468512e-02 7.482939696012516628e-02 -2.207302719943072944e+01 -9.713064447261145062e+01
9.138276553106212305e+03 -9.428034859368794943e-03 -7.438793603050315728e-02 7.498301719848103619e-02 -2.205521387051936699e+01 -9.722323788190651328e+01
9.158316633266533245e+03 -9.541609574198511162e-03 -7.462163535055965635e-02 7.522918832247448007e-02 -2.202674458439309291e+01 -9.728667218679061079e+01
9.178356713426854185e+03 -9.674182466305195766e-03 -7.466110045887516811e-02 7.528525571532328209e-02 -2.202027350831508556e+01 -9.738294245055587339e+01
9.198396793587175125e+03 -9.903715343240524979e-03 -7.482472767353902376e-02 7.547730419814431546e-02 -2.199814450188040382e+01 -9.753977819022721008e+01
9.218436873747496065e+03 -1.004482868858382755e-02 -7.492929074351284413e-02 7.559958461994931156e-02 -2.198408392002782463e+01 -9.763540290805372024e+01
9.238476953907815187e+03 -1.024925953111825369e-02 -7.502491736104033304e-02 7.572176401779841248e-02 -2.197005765068869110e+01 -9.777910261534373149e+01
9.258517034068136127e+03 -1.038012399879356847e-02 -7.508451664095534828e-02 7.579862540598100717e-02 -2.196124550870588976e+01 -9.787101426864225573e+01
9.278557114228457067e+03 -1.068946836149739857e-02 -7.508923277057050205e-02 7.584627619022818457e-02 -2.195578684227657007e+01 -9.810201029575598852e+01
9.298597194388778007e+03 -1.079577630187372392e-02 -7.510780183524047582e-02 7.587971192935467901e-02 -2.195195863659710511e+01 -9.817950474199513167e+01
9.318637274549098947e+03 -1.092495784701845614e-02 -7.512888110438067923e-02 7.591905873991917908e-02 -2.194745580616810443e+01 -9.827374238258700245e+01
9.338677354709419888e+03 -1.096443622131059240e-02 -7.516702129661990972e-02 7.596249042953830133e-02 -2.194248821299866137e+01 -9.829906981786467668e+01
9.358717434869739009e+03 -1.102337953258235650e-02 -7.525271120240513423e-02 7.605580477275844520e-02 -2.193182478347421238e+01 -9.833369143659756162e+01
9.378757515030059949e+03 -1.120138475972024331e-02 -7.535478463311517938e-02 7.618277093699378499e-02 -2.191733680838824583e+01 -9.845502608134172817e+01
9.398797595190380889e+03 -1.128972032083875449e-02 -7.551071363479813781e-02 7.635002068473359382e-02 -2.189828892474821131e+01 -9.850339074897617309e+01
9.418837675350701829e+03 -1.130195453611134923e-02 -7.574971737308532072e-02 7.658820965683053872e-02 -2.187123375623017196e+01 -9.848600391619869754e+01
9.438877755511022769e+03 -1.155166077193664660e-02 -7.595123183730134730e-02 7.682467366799157482e-02 -2.184445762261808710e+01 -9.864801810920269531e+01
9.458917835671343710e+03 -1.167959762364837416e-02 -7.626649308236617408e-02 7.715562823108201851e-02 -2.180711986965420834e+01 -9.870674173267639162e+01
9.478957915831662831e+03 -1.188049305668212839e-02 -7.647386515218232428e-02 7.739120212649522323e-02 -2.178064025260658099e+01 -9.883051844011605169e+01
9.498997995991983771e+03 -1.221269247066356610e-02 -7.684412996394722473e-02 7.780854816341849223e-02 -2.173392586874164323e+01 -9.903038522358416174e+01
9.519038076152304711e+03 -1.263863295184229629e-02 -7.711742668810880885e-02 7.814622538476974356e-02 -2.169631199396541632e+01 -9.930735851891282095e+01
9.539078156312625651e+03 -1.312524437341328933e-02 -7.742199063492566369e-02 7.852666218384896091e-02 -2.165412934708921000e+01 -9.962179462118460549e+01
9.559118236472946592e+03 -1.376990275539011384e-02 -7.759005179712899491e-02 7.880245148327595650e-02 -2.162367754047859592e+01 -1.000635002965809122e+02
9.579158316633267532e+03 -1.431909407943084481e-02 -7.774189414626613004e-02 7.904959557584619045e-02 -2.159647905801584855e+01 -1.004362057154103525e+02
9.599198396793586653e+03 -1.506824255278818060e-02 -7.780012030696874248e-02 7.924588729649298391e-02 -2.157493745663383322e+01 -1.009612708846457707e+02
9.619238476953907593e+03 -1.590925189861410252e-02 -7.781450497641052844e-02 7.942418700054396097e-02 -2.155541654557849540e+01 -1.015549351528663635e+02
9.639278557114228533e+03 -1.670292250979020857e-02 -7.759117166372304919e-02 7.936861810890620539e-02 -2.156149572881913556e+01 -1.021485746619259061e+02
9.659318637274549474e+03 -1.744466794668136575e-02 -7.733742389654932325e-02 7.928047410759178626e-02 -2.157114733332256762e+01 -1.027112286132062593e+02
9.679358717434870414e+03 -1.826068903434682408e-02 -7.681178618759094967e-02 7.895253802973849211e-02 -2.160715019543445692e+01 -1.033728497114325364e+02
9.699398797595191354e+03 -1.892647543443063893e-02 -7.625350296626762225e-02 7.856722081756929710e-02 -2.164964428608667646e+01 -1.039393886115679209e+02
9.719438877755510475e+03 -1.950024143714100544e-02 -7.557212698940558859e-02 7.804745859930120599e-02 -2.170729678529556850e+01 -1.044686997536786777e+02
9.739478957915831415e+03 -1.989034830810188989e-02 -7.477018683171586522e-02 7.737058093789467295e-02 -2.178295495027810702e+01 -1.048968081592371107e+02
9.759519038076152356e+03 -2.016788609958265407e-02 -7.403463860479865544e-02 7.673246603015494716e-02 -2.185488898991069817e+01 -1.052382768471155288e+02
9.779559118236473296e+03 -2.044579429294528239e-02 -7.339627861515254925e-02 7.619084078038863839e-02 -2.191641678334717014e+01 -1.055660918834233684e+02
9.799599198396794236e+03 -2.041173540395682662e-02 -7.257344311347686816e-02 7.538928032251142330e-02 -2.200828015595448761e+01 -1.057089703681751729e+02
9.819639278557115176e+03 -2.038940320100602124e-02 -7.200602678608621077e-02 7.483712752646080879e-02 -2.207212991332989560e+01 -1.058101304079440865e+02
9.839679358717434297e+03 -2.024809781106938836e-02 -7.130909534529200622e-02 7.412808201977559575e-02 -2.215481683799848156e+01 -1.058518063407101408e+02
9.859719438877755238e+03 -2.013380859189024819e-02 -7.088255234415377637e-02 7.368654202251978536e-02 -2.220670857900564243e+01 -1.058569128402752852e+02
9.879759519038076178e+03 -1.997626832298651789e-02 -7.046148347604075379e-02 7.323845949879284611e-02 -2.225968809067416743e+01 -1.058283627097213611e+02
9.899799599198397118e+03 -1.987746000750631806e-02 -7.017647304333057834e-02 7.293730722443292347e-02 -2.229547759503364546e+01 -1.058147543794910206e+02
9.919839679358718058e+03 -1.976732471592438159e-02 -6.980549114692728707e-02 7.255035300181894575e-02 -2.234168150803608555e+01 -1.058109135106774943e+02
9.939879759519038998e+03 -1.965911506089714628e-02 -6.955572020737478545e-02 7.228055768008570525e-02 -2.237404221182597652e+01 -1.057823275170931083e+02
9.959919839679358120e+03 -1.966758506982266980e-02 -6.936111676703643480e-02 7.209561998935286320e-02 -2.239629448745938589e+01 -1.058308686747793104e+02
9.979959919839679060e+03 -1.950163767511542065e-02 -6.919056241489174308e-02 7.188635335931646553e-02 -2.242154303894197653e+01 -1.057407033391815787e+02
1.000000000000000000e+04 -1.940891714628663334e-02 -6.938085322058688831e-02 7.204449221424245875e-02 -2.240245641176878522e+01 -1.056286746196760333e+02
