  0.0000000e+000, -6.4472443e+001,
  3.1250000e+001, -7.0093239e+001,
  6.2500000e+001, -7.5872772e+001,
  9.3750000e+001, -7.2874237e+001,
  1.2500000e+002, -7.3285797e+001,
  1.5625000e+002, -6.9264229e+001,
  1.8750000e+002, -6.3314178e+001,
  2.1875000e+002, -5.9210297e+001,
  2.5000000e+002, -6.4096153e+001,
  2.8125000e+002, -6.8458733e+001,
  3.1250000e+002, -7.2180458e+001,
  3.4375000e+002, -7.6501884e+001,
  3.7500000e+002, -7.8965385e+001,
  4.0625000e+002, -7.9717964e+001,
  4.3750000e+002, -8.1323067e+001,
  4.6875000e+002, -8.2387253e+001,
  5.0000000e+002, -8.4415676e+001,
  5.3125000e+002, -8.6755714e+001,
  5.6250000e+002, -8.7843422e+001,
  5.9375000e+002, -8.8343178e+001,
  6.2500000e+002, -8.8325539e+001,
  6.5625000e+002, -8.9495560e+001,
  6.8750000e+002, -9.0736130e+001,
  7.1875000e+002, -9.1235889e+001,
  7.5000000e+002, -9.1894390e+001,
  7.8125000e+002, -9.2676365e+001,
  8.1250000e+002, -9.2911545e+001,
  8.4375000e+002, -9.3240795e+001,
  8.7500000e+002, -9.3728794e+001,
  9.0625000e+002, -9.3828743e+001,
  9.3750000e+002, -9.4357899e+001,
  9.6875000e+002, -9.4410812e+001,
  1.0000000e+003, -9.4951729e+001,
  1.0312500e+003, -9.5416206e+001,
  1.0625000e+003, -9.5486763e+001,
  1.0937500e+003, -9.5674904e+001,
  1.1250000e+003, -9.6104107e+001,
  1.1562500e+003, -9.6245216e+001,
  1.1875000e+003, -9.6562710e+001,
  1.2187500e+003, -9.7015430e+001,
  1.2500000e+003, -9.6980152e+001,
  1.2812500e+003, -9.7362320e+001,
  1.3125000e+003, -9.6797890e+001,
  1.3437500e+003, -9.7285885e+001,
  1.3750000e+003, -9.7426994e+001,
  1.4062500e+003, -9.7615139e+001,
  1.4375000e+003, -9.7956146e+001,
  1.4687500e+003, -9.7820919e+001,
  1.5000000e+003, -9.7503426e+001,
  1.5312500e+003, -9.7291767e+001,
  1.5625000e+003, -9.7462269e+001,
  1.5937500e+003, -9.7321163e+001,
  1.6250000e+003, -9.6010036e+001,
  1.6562500e+003, -9.5104595e+001,
  1.6875000e+003, -9.5598473e+001,
  1.7187500e+003, -9.5357414e+001,
  1.7500000e+003, -9.4140358e+001,
  1.7812500e+003, -9.2435307e+001,
  1.8125000e+003, -9.2311836e+001,
  1.8437500e+003, -9.0306931e+001,
  1.8750000e+003, -8.9989437e+001,
  1.9062500e+003, -8.8437252e+001,
  1.9375000e+003, -8.7143761e+001,
  1.9687500e+003, -8.6361790e+001,
  2.0000000e+003, -8.5603336e+001,
  2.0312500e+003, -8.6937981e+001,
  2.0625000e+003, -8.7226074e+001,
  2.0937500e+003, -8.8860573e+001,
  2.1250000e+003, -8.8948765e+001,
  2.1562500e+003, -9.0389240e+001,
  2.1875000e+003, -9.1212372e+001,
  2.2187500e+003, -9.0642059e+001,
  2.2500000e+003, -9.0759651e+001,
  2.2812500e+003, -9.0806686e+001,
  2.3125000e+003, -9.0971310e+001,
  2.3437500e+003, -9.1235889e+001,
  2.3750000e+003, -9.1024227e+001,
  2.4062500e+003, -9.2276558e+001,
  2.4375000e+003, -9.1012466e+001,
  2.4687500e+003, -9.2076656e+001,
  2.5000000e+003, -9.2394150e+001,
  2.5312500e+003, -9.3846382e+001,
  2.5625000e+003, -9.5398567e+001,
  2.5937500e+003, -9.5269218e+001,
  2.6250000e+003, -9.7368198e+001,
  2.6562500e+003, -9.8385349e+001,
  2.6875000e+003, -9.7732727e+001,
  2.7187500e+003, -9.8573494e+001,
  2.7500000e+003, -9.9484818e+001,
  2.7812500e+003, -9.9461296e+001,
  2.8125000e+003, -9.9073250e+001,
  2.8437500e+003, -9.8649929e+001,
  2.8750000e+003, -9.8573494e+001,
  2.9062500e+003, -9.7703331e+001,
  2.9375000e+003, -9.6468636e+001,
  2.9687500e+003, -9.6015915e+001,
  3.0000000e+003, -9.5392689e+001,
  3.0312500e+003, -9.5051678e+001,
  3.0625000e+003, -9.4293224e+001,
  3.0937500e+003, -9.3082050e+001,
  3.1250000e+003, -9.2023739e+001,
  3.1562500e+003, -9.0459797e+001,
  3.1875000e+003, -9.0889000e+001,
  3.2187500e+003, -8.9019321e+001,
  3.2500000e+003, -8.7549446e+001,
  3.2812500e+003, -8.5844395e+001,
  3.3125000e+003, -8.4192257e+001,
  3.3437500e+003, -8.1358345e+001,
  3.3750000e+003, -7.9518059e+001,
  3.4062500e+003, -7.5302467e+001,
  3.4375000e+003, -7.3897270e+001,
  3.4687500e+003, -7.7277977e+001,
  3.5000000e+003, -8.1123161e+001,
  3.5312500e+003, -8.3298573e+001,
  3.5625000e+003, -8.5832634e+001,
  3.5937500e+003, -8.6755714e+001,
  3.6250000e+003, -8.9283897e+001,
  3.6562500e+003, -9.0130543e+001,
  3.6875000e+003, -9.0841961e+001,
  3.7187500e+003, -9.2082535e+001,
  3.7500000e+003, -9.2723400e+001,
  3.7812500e+003, -9.3181999e+001,
  3.8125000e+003, -9.3187881e+001,
  3.8437500e+003, -9.4657753e+001,
  3.8750000e+003, -9.4681271e+001,
  3.9062500e+003, -9.5351532e+001,
  3.9375000e+003, -9.5980640e+001,
  3.9687500e+003, -9.5639629e+001,
  4.0000000e+003, -9.5445606e+001,
  4.0312500e+003, -9.5139870e+001,
  4.0625000e+003, -9.5510281e+001,
  4.0937500e+003, -9.5774857e+001,
  4.1250000e+003, -9.5980640e+001,
  4.1562500e+003, -9.6139385e+001,
  4.1875000e+003, -9.7062466e+001,
  4.2187500e+003, -9.6109989e+001,
  4.2500000e+003, -9.6844925e+001,
  4.2812500e+003, -9.6092350e+001,
  4.3125000e+003, -9.5398567e+001,
  4.3437500e+003, -9.5716061e+001,
  4.3750000e+003, -9.4587200e+001,
  4.4062500e+003, -9.4122719e+001,
  4.4375000e+003, -9.4487247e+001,
  4.4687500e+003, -9.4246189e+001,
  4.5000000e+003, -9.3834625e+001,
  4.5312500e+003, -9.4534283e+001,
  4.5625000e+003, -9.3875782e+001,
  4.5937500e+003, -9.4887054e+001,
  4.6250000e+003, -9.5457363e+001,
  4.6562500e+003, -9.5651386e+001,
  4.6875000e+003, -9.6280491e+001,
  4.7187500e+003, -9.6862564e+001,
  4.7500000e+003, -9.7274128e+001,
  4.7812500e+003, -9.7638657e+001,
  4.8125000e+003, -9.9085011e+001,
  4.8437500e+003, -9.9725876e+001,
  4.8750000e+003, -1.0087238e+002,
  4.9062500e+003, -1.0120163e+002,
  4.9375000e+003, -1.0230109e+002,
  4.9687500e+003, -1.0333000e+002,
  5.0000000e+003, -1.0414725e+002,
  5.0312500e+003, -1.0432364e+002,
  5.0625000e+003, -1.0472344e+002,
  5.0937500e+003, -1.0442947e+002,
  5.1250000e+003, -1.0532903e+002,
  5.1562500e+003, -1.0440595e+002,
  5.1875000e+003, -1.0484103e+002,
  5.2187500e+003, -1.0463525e+002,
  5.2500000e+003, -1.0477636e+002,
  5.2812500e+003, -1.0374745e+002,
  5.3125000e+003, -1.0364750e+002,
  5.3437500e+003, -1.0397087e+002,
  5.3750000e+003, -1.0331237e+002,
  5.4062500e+003, -1.0352402e+002,
  5.4375000e+003, -1.0331824e+002,
  5.4687500e+003, -1.0234813e+002,
  5.5000000e+003, -1.0172490e+002,
  5.5312500e+003, -1.0003161e+002,
  5.5625000e+003, -9.9208481e+001,
  5.5937500e+003, -9.8479424e+001,
  5.6250000e+003, -9.6462757e+001,
  5.6562500e+003, -9.6139385e+001,
  5.6875000e+003, -9.5486763e+001,
  5.7187500e+003, -9.3869900e+001,
  5.7500000e+003, -9.3370144e+001,
  5.7812500e+003, -8.9854206e+001,
  5.8125000e+003, -8.7984528e+001,
  5.8437500e+003, -8.5091820e+001,
  5.8750000e+003, -8.0688080e+001,
  5.9062500e+003, -7.6213783e+001,
  5.9375000e+003, -7.8447990e+001,
  5.9687500e+003, -8.4627338e+001,
  6.0000000e+003, -8.7167278e+001,
  6.0312500e+003, -8.9354450e+001,
  6.0625000e+003, -9.1212372e+001,
  6.0937500e+003, -9.4187393e+001,
  6.1250000e+003, -9.5169270e+001,
  6.1562500e+003, -9.4593079e+001,
  6.1875000e+003, -9.4957607e+001,
  6.2187500e+003, -9.4540161e+001,
  6.2500000e+003, -9.4928211e+001,
  6.2812500e+003, -9.5022282e+001,
  6.3125000e+003, -9.3999249e+001,
  6.3437500e+003, -9.3811108e+001,
  6.3750000e+003, -9.2846870e+001,
  6.4062500e+003, -9.3417179e+001,
  6.4375000e+003, -9.2594051e+001,
  6.4687500e+003, -9.1482826e+001,
  6.5000000e+003, -9.0718494e+001,
  6.5312500e+003, -9.0418640e+001,
  6.5625000e+003, -8.9342693e+001,
  6.5937500e+003, -8.7937492e+001,
  6.6250000e+003, -8.6420586e+001,
  6.6562500e+003, -8.5750324e+001,
  6.6875000e+003, -8.2734142e+001,
  6.7187500e+003, -8.0088371e+001,
  6.7500000e+003, -7.6307861e+001,
  6.7812500e+003, -7.4685120e+001,
  6.8125000e+003, -7.5267189e+001,
  6.8437500e+003, -7.5590561e+001,
  6.8750000e+003, -7.9177048e+001,
  6.9062500e+003, -8.2981083e+001,
  6.9375000e+003, -8.4868397e+001,
  6.9687500e+003, -8.8254986e+001,
  7.0000000e+003, -8.9595509e+001,
  7.0312500e+003, -9.0794926e+001,
  7.0625000e+003, -9.1776802e+001,
  7.0937500e+003, -9.3023254e+001,
  7.1250000e+003, -9.2376511e+001,
  7.1562500e+003, -9.2764557e+001,
  7.1875000e+003, -9.4416695e+001,
  7.2187500e+003, -9.4504887e+001,
  7.2500000e+003, -9.3293709e+001,
  7.2812500e+003, -9.4293224e+001,
  7.3125000e+003, -9.5963001e+001,
  7.3437500e+003, -9.6057072e+001,
  7.3750000e+003, -9.6680298e+001,
  7.4062500e+003, -9.7397594e+001,
  7.4375000e+003, -9.7568100e+001,
  7.4687500e+003, -9.7997303e+001,
  7.5000000e+003, -9.9437778e+001,
  7.5312500e+003, -9.9037975e+001,
  7.5625000e+003, -9.7909111e+001,
  7.5937500e+003, -9.8561737e+001,
  7.6250000e+003, -9.8414749e+001,
  7.6562500e+003, -9.8620529e+001,
  7.6875000e+003, -9.8990940e+001,
  7.7187500e+003, -9.9243755e+001,
  7.7500000e+003, -9.8009064e+001,
  7.7812500e+003, -9.8079617e+001,
  7.8125000e+003, -9.8720482e+001,
  7.8437500e+003, -9.8561737e+001,
  7.8750000e+003, -9.7909111e+001,
  7.9062500e+003, -9.8673447e+001,
  7.9375000e+003, -9.8450024e+001,
  7.9687500e+003, -9.7944389e+001,
  8.0000000e+003, -9.7003670e+001,
  8.0312500e+003, -9.7215332e+001,
  8.0625000e+003, -9.6157024e+001,
  8.0937500e+003, -9.6133507e+001,
  8.1250000e+003, -9.5422089e+001,
  8.1562500e+003, -9.4904690e+001,
  8.1875000e+003, -9.4499008e+001,
  8.2187500e+003, -9.3575928e+001,
  8.2500000e+003, -9.3252556e+001,
  8.2812500e+003, -9.3758190e+001,
  8.3125000e+003, -9.2735157e+001,
  8.3437500e+003, -9.1000710e+001,
  8.3750000e+003, -9.1576900e+001,
  8.4062500e+003, -8.9871845e+001,
  8.4375000e+003, -8.8631275e+001,
  8.4687500e+003, -8.8684189e+001,
  8.5000000e+003, -8.7384823e+001,
  8.5312500e+003, -8.7402458e+001,
  8.5625000e+003, -8.6009022e+001,
  8.5937500e+003, -8.4727291e+001,
  8.6250000e+003, -8.4445076e+001,
  8.6562500e+003, -8.2851734e+001,
  8.6875000e+003, -8.2822334e+001,
  8.7187500e+003, -8.3280937e+001,
  8.7500000e+003, -8.3657223e+001,
  8.7812500e+003, -8.2787060e+001,
  8.8125000e+003, -8.2645950e+001,
  8.8437500e+003, -8.1758148e+001,
  8.8750000e+003, -8.4215775e+001,
  8.9062500e+003, -8.3904163e+001,
  8.9375000e+003, -8.3133949e+001,
  8.9687500e+003, -8.4633221e+001,
  9.0000000e+003, -8.5797359e+001,
  9.0312500e+003, -8.5803238e+001,
  9.0625000e+003, -8.7966892e+001,
  9.0937500e+003, -8.8413731e+001,
  9.1250000e+003, -8.8907608e+001,
  9.1562500e+003, -8.9630787e+001,
  9.1875000e+003, -9.0206978e+001,
  9.2187500e+003, -9.1241768e+001,
  9.2500000e+003, -8.9589630e+001,
  9.2812500e+003, -8.9507317e+001,
  9.3125000e+003, -9.0265774e+001,
  9.3437500e+003, -9.0647938e+001,
  9.3750000e+003, -9.0783169e+001,
  9.4062500e+003, -9.1053623e+001,
  9.4375000e+003, -9.0148182e+001,
  9.4687500e+003, -9.0277531e+001,
  9.5000000e+003, -9.0495071e+001,
  9.5312500e+003, -9.0171700e+001,
  9.5625000e+003, -9.0395123e+001,
  9.5937500e+003, -9.0524471e+001,
  9.6250000e+003, -8.9113392e+001,
  9.6562500e+003, -8.8131516e+001,
  9.6875000e+003, -8.8160915e+001,
  9.7187500e+003, -8.7619999e+001,
  9.7500000e+003, -8.7772869e+001,
  9.7812500e+003, -8.8219707e+001,
  9.8125000e+003, -8.7943375e+001,
  9.8437500e+003, -8.7578846e+001,
  9.8750000e+003, -8.8196190e+001,
  9.9062500e+003, -8.8260864e+001,
  9.9375000e+003, -8.8737103e+001,
  9.9687500e+003, -8.8878212e+001,
  1.0000000e+004, -8.9013439e+001,
  1.0031250e+004, -8.9936520e+001,
  1.0062500e+004, -8.9119270e+001,
  1.0093750e+004, -8.8778259e+001,
  1.0125000e+004, -8.8231468e+001,
  1.0156250e+004, -8.7755230e+001,
  1.0187500e+004, -8.6432343e+001,
  1.0218750e+004, -8.6097214e+001,
  1.0250000e+004, -8.3286816e+001,
  1.0281250e+004, -8.2446049e+001,
  1.0312500e+004, -8.2604794e+001,
  1.0343750e+004, -8.4374519e+001,
  1.0375000e+004, -8.7473015e+001,
  1.0406250e+004, -8.9836571e+001,
  1.0437500e+004, -9.1424030e+001,
  1.0468750e+004, -9.2023739e+001,
  1.0500000e+004, -9.2200127e+001,
  1.0531250e+004, -9.0477432e+001,
  1.0562500e+004, -8.8919369e+001,
  1.0593750e+004, -8.8766502e+001,
  1.0625000e+004, -8.8225590e+001,
  1.0656250e+004, -8.5462227e+001,
  1.0687500e+004, -8.4603821e+001,
  1.0718750e+004, -8.2257904e+001,
  1.0750000e+004, -8.0399986e+001,
  1.0781250e+004, -7.8994789e+001,
  1.0812500e+004, -7.5719910e+001,
  1.0843750e+004, -7.2509705e+001,
  1.0875000e+004, -7.0828171e+001,
  1.0906250e+004, -7.0369568e+001,
  1.0937500e+004, -7.2033470e+001,
  1.0968750e+004, -7.2815437e+001,
  1.1000000e+004, -7.5273071e+001,
  1.1031250e+004, -7.6742943e+001,
  1.1062500e+004, -7.7736572e+001,
  1.1093750e+004, -7.8841919e+001,
  1.1125000e+004, -8.0247116e+001,
  1.1156250e+004, -8.0064850e+001,
  1.1187500e+004, -8.0611649e+001,
  1.1218750e+004, -8.0693962e+001,
  1.1250000e+004, -8.0347069e+001,
  1.1281250e+004, -8.0976173e+001,
  1.1312500e+004, -8.0217720e+001,
  1.1343750e+004, -8.0317673e+001,
  1.1375000e+004, -8.0229477e+001,
  1.1406250e+004, -7.8912476e+001,
  1.1437500e+004, -7.7677780e+001,
  1.1468750e+004, -7.8483269e+001,
  1.1500000e+004, -7.9165291e+001,
  1.1531250e+004, -8.1793427e+001,
  1.1562500e+004, -8.5462227e+001,
  1.1593750e+004, -8.9783653e+001,
  1.1625000e+004, -9.3922817e+001,
  1.1656250e+004, -9.4028648e+001,
  1.1687500e+004, -9.3058533e+001,
  1.1718750e+004, -9.2570534e+001,
  1.1750000e+004, -9.0183460e+001,
  1.1781250e+004, -8.9089874e+001,
  1.1812500e+004, -8.7643520e+001,
  1.1843750e+004, -8.5579819e+001,
  1.1875000e+004, -8.4115822e+001,
  1.1906250e+004, -8.2975201e+001,
  1.1937500e+004, -8.1564125e+001,
  1.1968750e+004, -7.9976662e+001,
  1.2000000e+004, -7.8447990e+001,
  1.2031250e+004, -7.8883072e+001,
  1.2062500e+004, -7.9471024e+001,
  1.2093750e+004, -8.1087883e+001,
  1.2125000e+004, -8.1652313e+001,
  1.2156250e+004, -8.2304939e+001,
  1.2187500e+004, -8.3616066e+001,
  1.2218750e+004, -8.3733658e+001,
  1.2250000e+004, -8.3986473e+001,
  1.2281250e+004, -8.5115337e+001,
  1.2312500e+004, -8.4233414e+001,
  1.2343750e+004, -8.4039391e+001,
  1.2375000e+004, -8.3533752e+001,
  1.2406250e+004, -8.4468594e+001,
  1.2437500e+004, -8.3574909e+001,
  1.2468750e+004, -8.4521507e+001,
