  0.0000000e+000, -5.9062332e+001,
  3.1250000e+001, -6.5212280e+001,
  6.2500000e+001, -6.6605721e+001,
  9.3750000e+001, -6.6352905e+001,
  1.2500000e+002, -6.1678711e+001,
  1.5625000e+002, -6.4865395e+001,
  1.8750000e+002, -6.0367584e+001,
  2.1875000e+002, -5.0836929e+001,
  2.5000000e+002, -5.0325409e+001,
  2.8125000e+002, -5.6369530e+001,
  3.1250000e+002, -6.2631187e+001,
  3.4375000e+002, -6.4883034e+001,
  3.7500000e+002, -6.7969765e+001,
  4.0625000e+002, -7.0568504e+001,
  4.3750000e+002, -7.1415146e+001,
  4.6875000e+002, -7.2114807e+001,
  5.0000000e+002, -7.3861015e+001,
  5.3125000e+002, -7.6694931e+001,
  5.6250000e+002, -7.7406349e+001,
  5.9375000e+002, -7.7670929e+001,
  6.2500000e+002, -7.7253487e+001,
  6.5625000e+002, -7.9499451e+001,
  6.8750000e+002, -8.0281425e+001,
  7.1875000e+002, -8.0957565e+001,
  7.5000000e+002, -8.1627827e+001,
  7.8125000e+002, -8.2033512e+001,
  8.1250000e+002, -8.2509750e+001,
  8.4375000e+002, -8.3038902e+001,
  8.7500000e+002, -8.3344639e+001,
  9.0625000e+002, -8.4179523e+001,
  9.3750000e+002, -8.3779720e+001,
  9.6875000e+002, -8.4391186e+001,
  1.0000000e+003, -8.4367668e+001,
  1.0312500e+003, -8.4696922e+001,
  1.0625000e+003, -8.5161400e+001,
  1.0937500e+003, -8.5655277e+001,
  1.1250000e+003, -8.6031567e+001,
  1.1562500e+003, -8.5814026e+001,
  1.1875000e+003, -8.6219707e+001,
  1.2187500e+003, -8.6449009e+001,
  1.2500000e+003, -8.6654793e+001,
  1.2812500e+003, -8.7236862e+001,
  1.3125000e+003, -8.6966404e+001,
  1.3437500e+003, -8.7477921e+001,
  1.3750000e+003, -8.7754257e+001,
  1.4062500e+003, -8.7683704e+001,
  1.4375000e+003, -8.7948280e+001,
  1.4687500e+003, -8.7883606e+001,
  1.5000000e+003, -8.8512711e+001,
  1.5312500e+003, -8.8359844e+001,
  1.5625000e+003, -8.8154060e+001,
  1.5937500e+003, -8.8301048e+001,
  1.6250000e+003, -8.8224617e+001,
  1.6562500e+003, -8.8259892e+001,
  1.6875000e+003, -8.8218735e+001,
  1.7187500e+003, -8.7489677e+001,
  1.7500000e+003, -8.7383850e+001,
  1.7812500e+003, -8.6848816e+001,
  1.8125000e+003, -8.6213829e+001,
  1.8437500e+003, -8.4996777e+001,
  1.8750000e+003, -8.4808632e+001,
  1.9062500e+003, -8.4890945e+001,
  1.9375000e+003, -8.3391674e+001,
  1.9687500e+003, -8.2927193e+001,
  2.0000000e+003, -8.3132977e+001,
  2.0312500e+003, -8.3350517e+001,
  2.0625000e+003, -8.4749836e+001,
  2.0937500e+003, -8.4402946e+001,
  2.1250000e+003, -8.5619999e+001,
  2.1562500e+003, -8.5902218e+001,
  2.1875000e+003, -8.6360817e+001,
  2.2187500e+003, -8.7272137e+001,
  2.2500000e+003, -8.7313293e+001,
  2.2812500e+003, -8.6801777e+001,
  2.3125000e+003, -8.6919369e+001,
  2.3437500e+003, -8.8148182e+001,
  2.3750000e+003, -8.8136425e+001,
  2.4062500e+003, -8.8089386e+001,
  2.4375000e+003, -8.8683216e+001,
  2.4687500e+003, -8.8465675e+001,
  2.5000000e+003, -8.9776802e+001,
  2.5312500e+003, -9.0064896e+001,
  2.5625000e+003, -9.0511738e+001,
  2.5937500e+003, -9.1528889e+001,
  2.6250000e+003, -9.2099201e+001,
  2.6562500e+003, -9.2399055e+001,
  2.6875000e+003, -9.2175636e+001,
  2.7187500e+003, -9.2951729e+001,
  2.7500000e+003, -9.3086956e+001,
  2.7812500e+003, -9.3210426e+001,
  2.8125000e+003, -9.3422089e+001,
  2.8437500e+003, -9.3457363e+001,
  2.8750000e+003, -9.3657265e+001,
  2.9062500e+003, -9.3004642e+001,
  2.9375000e+003, -9.3181026e+001,
  2.9687500e+003, -9.3710182e+001,
  3.0000000e+003, -9.3104595e+001,
  3.0312500e+003, -9.3222183e+001,
  3.0625000e+003, -9.3286858e+001,
  3.0937500e+003, -9.3433846e+001,
  3.1250000e+003, -9.2804741e+001,
  3.1562500e+003, -9.2945847e+001,
  3.1875000e+003, -9.2887054e+001,
  3.2187500e+003, -9.2998764e+001,
  3.2500000e+003, -9.2034527e+001,
  3.2812500e+003, -9.2916451e+001,
  3.3125000e+003, -9.3075195e+001,
  3.3437500e+003, -9.3016403e+001,
  3.3750000e+003, -9.2375538e+001,
  3.4062500e+003, -9.2945847e+001,
  3.4375000e+003, -9.1911057e+001,
  3.4687500e+003, -9.2928211e+001,
  3.5000000e+003, -9.1963974e+001,
  3.5312500e+003, -9.1193760e+001,
  3.5625000e+003, -9.2587200e+001,
  3.5937500e+003, -9.1811108e+001,
  3.6250000e+003, -9.1470097e+001,
  3.6562500e+003, -9.1434818e+001,
  3.6875000e+003, -9.1622963e+001,
  3.7187500e+003, -9.1376022e+001,
  3.7500000e+003, -9.1434818e+001,
  3.7812500e+003, -9.0447063e+001,
  3.8125000e+003, -8.9547501e+001,
  3.8437500e+003, -8.9853233e+001,
  3.8750000e+003, -8.9230007e+001,
  3.9062500e+003, -8.7783653e+001,
  3.9375000e+003, -8.7542595e+001,
  3.9687500e+003, -8.6143276e+001,
  4.0000000e+003, -8.5884579e+001,
  4.0312500e+003, -8.4314754e+001,
  4.0625000e+003, -8.3174133e+001,
  4.0937500e+003, -8.1651344e+001,
  4.1250000e+003, -7.9922775e+001,
  4.1562500e+003, -7.7982544e+001,
  4.1875000e+003, -7.4584198e+001,
  4.2187500e+003, -7.2385262e+001,
  4.2500000e+003, -6.9721855e+001,
  4.2812500e+003, -6.9757133e+001,
  4.3125000e+003, -7.0739006e+001,
  4.3437500e+003, -7.2226517e+001,
  4.3750000e+003, -7.3990364e+001,
  4.4062500e+003, -7.4772339e+001,
  4.4375000e+003, -7.5983513e+001,
  4.4687500e+003, -7.6683174e+001,
  4.5000000e+003, -7.7006546e+001,
  4.5312500e+003, -7.8476418e+001,
  4.5625000e+003, -7.8682198e+001,
  4.5937500e+003, -7.8864464e+001,
  4.6250000e+003, -8.0698868e+001,
  4.6562500e+003, -8.0787060e+001,
  4.6875000e+003, -8.2574425e+001,
  4.7187500e+003, -8.3385796e+001,
  4.7500000e+003, -8.5061451e+001,
  4.7812500e+003, -8.6537201e+001,
  4.8125000e+003, -8.7260380e+001,
  4.8437500e+003, -8.9071262e+001,
  4.8750000e+003, -8.9000710e+001,
  4.9062500e+003, -8.9641575e+001,
  4.9375000e+003, -9.0811592e+001,
  4.9687500e+003, -9.2210911e+001,
  5.0000000e+003, -9.2475487e+001,
  5.0312500e+003, -9.3710182e+001,
  5.0625000e+003, -9.4027676e+001,
  5.0937500e+003, -9.3898327e+001,
  5.1250000e+003, -9.4486275e+001,
  5.1562500e+003, -9.4562710e+001,
  5.1875000e+003, -9.4680298e+001,
  5.2187500e+003, -9.4756733e+001,
  5.2500000e+003, -9.4574467e+001,
  5.2812500e+003, -9.4492153e+001,
  5.3125000e+003, -9.4574467e+001,
  5.3437500e+003, -9.4398083e+001,
  5.3750000e+003, -9.3927723e+001,
  5.4062500e+003, -9.4157024e+001,
  5.4375000e+003, -9.3222183e+001,
  5.4687500e+003, -9.2240311e+001,
  5.5000000e+003, -9.2175636e+001,
  5.5312500e+003, -9.1240795e+001,
  5.5625000e+003, -9.1152603e+001,
  5.5937500e+003, -8.9306442e+001,
  5.6250000e+003, -8.8206978e+001,
  5.6562500e+003, -8.7272137e+001,
  5.6875000e+003, -8.7818932e+001,
  5.7187500e+003, -8.7001682e+001,
  5.7500000e+003, -8.5590603e+001,
  5.7812500e+003, -8.4426464e+001,
  5.8125000e+003, -8.1774815e+001,
  5.8437500e+003, -7.9364220e+001,
  5.8750000e+003, -7.4396049e+001,
  5.9062500e+003, -7.1291679e+001,
  5.9375000e+003, -7.3149597e+001,
  5.9687500e+003, -7.8535210e+001,
  6.0000000e+003, -8.2609699e+001,
  6.0312500e+003, -8.4838028e+001,
  6.0625000e+003, -8.6648911e+001,
  6.0937500e+003, -8.8971310e+001,
  6.1250000e+003, -8.9500465e+001,
  6.1562500e+003, -9.0476460e+001,
  6.1875000e+003, -9.0305958e+001,
  6.2187500e+003, -9.0494099e+001,
  6.2500000e+003, -9.0447063e+001,
  6.2812500e+003, -9.0511738e+001,
  6.3125000e+003, -8.9959064e+001,
  6.3437500e+003, -9.1035011e+001,
  6.3750000e+003, -9.0570534e+001,
  6.4062500e+003, -9.0017860e+001,
  6.4375000e+003, -8.9665092e+001,
  6.4687500e+003, -8.9729767e+001,
  6.5000000e+003, -9.0311836e+001,
  6.5312500e+003, -8.9935547e+001,
  6.5625000e+003, -8.9653332e+001,
  6.5937500e+003, -8.9741524e+001,
  6.6250000e+003, -8.9294682e+001,
  6.6562500e+003, -8.9047745e+001,
  6.6875000e+003, -8.8218735e+001,
  6.7187500e+003, -8.8383362e+001,
  6.7500000e+003, -8.8477432e+001,
  6.7812500e+003, -8.8054111e+001,
  6.8125000e+003, -8.7213345e+001,
  6.8437500e+003, -8.4920341e+001,
  6.8750000e+003, -8.4861546e+001,
  6.9062500e+003, -8.4226563e+001,
  6.9375000e+003, -8.2445076e+001,
  6.9687500e+003, -8.0875252e+001,
  7.0000000e+003, -8.0163834e+001,
  7.0312500e+003, -7.8388229e+001,
  7.0625000e+003, -7.6536186e+001,
  7.0937500e+003, -7.4548920e+001,
  7.1250000e+003, -7.2832108e+001,
  7.1562500e+003, -7.2614563e+001,
  7.1875000e+003, -7.3214272e+001,
  7.2187500e+003, -7.2432297e+001,
  7.2500000e+003, -7.2849747e+001,
  7.2812500e+003, -7.4160873e+001,
  7.3125000e+003, -7.6265732e+001,
  7.3437500e+003, -7.7035942e+001,
  7.3750000e+003, -7.9029091e+001,
  7.4062500e+003, -8.0234383e+001,
  7.4375000e+003, -8.2298088e+001,
  7.4687500e+003, -8.2680256e+001,
  7.5000000e+003, -8.4238319e+001,
  7.5312500e+003, -8.5678795e+001,
  7.5625000e+003, -8.6607754e+001,
  7.5937500e+003, -8.6190311e+001,
  7.6250000e+003, -8.6454887e+001,
  7.6562500e+003, -8.6631275e+001,
  7.6875000e+003, -8.7207462e+001,
  7.7187500e+003, -8.7771896e+001,
  7.7500000e+003, -8.7842449e+001,
  7.7812500e+003, -8.8624420e+001,
  7.8125000e+003, -8.7689583e+001,
  7.8437500e+003, -8.7889484e+001,
  7.8750000e+003, -8.8853722e+001,
  7.9062500e+003, -8.9041866e+001,
  7.9375000e+003, -8.9800320e+001,
  7.9687500e+003, -8.9088902e+001,
  8.0000000e+003, -8.8530350e+001,
  8.0312500e+003, -8.8600903e+001,
  8.0625000e+003, -8.8595024e+001,
  8.0937500e+003, -8.8547989e+001,
  8.1250000e+003, -8.8083508e+001,
  8.1562500e+003, -8.9171215e+001,
  8.1875000e+003, -8.7683704e+001,
  8.2187500e+003, -8.7142788e+001,
  8.2500000e+003, -8.6243225e+001,
  8.2812500e+003, -8.5108486e+001,
  8.3125000e+003, -8.5373062e+001,
  8.3437500e+003, -8.4644005e+001,
  8.3750000e+003, -8.3168251e+001,
  8.4062500e+003, -8.2686134e+001,
  8.4375000e+003, -8.1933559e+001,
  8.4687500e+003, -7.9887497e+001,
  8.5000000e+003, -7.5895325e+001,
  8.5312500e+003, -7.5607224e+001,
  8.5625000e+003, -8.0199112e+001,
  8.5937500e+003, -8.3914948e+001,
  8.6250000e+003, -8.6713585e+001,
  8.6562500e+003, -8.9506344e+001,
  8.6875000e+003, -9.2022766e+001,
  8.7187500e+003, -9.3780735e+001,
  8.7500000e+003, -9.4727333e+001,
  8.7812500e+003, -9.4739094e+001,
  8.8125000e+003, -9.3821892e+001,
  8.8437500e+003, -9.3786613e+001,
  8.8750000e+003, -9.3633747e+001,
  8.9062500e+003, -9.3157509e+001,
  8.9375000e+003, -9.3351532e+001,
  8.9687500e+003, -9.2434334e+001,
  9.0000000e+003, -9.1205517e+001,
  9.0312500e+003, -9.2710667e+001,
  9.0625000e+003, -9.2693031e+001,
  9.0937500e+003, -9.1534771e+001,
  9.1250000e+003, -9.2310863e+001,
  9.1562500e+003, -9.1111446e+001,
  9.1875000e+003, -9.1123207e+001,
  9.2187500e+003, -9.0888027e+001,
  9.2500000e+003, -8.9912029e+001,
  9.2812500e+003, -8.9094780e+001,
  9.3125000e+003, -8.8330448e+001,
  9.3437500e+003, -8.8171700e+001,
  9.3750000e+003, -8.7989437e+001,
  9.4062500e+003, -8.6772381e+001,
  9.4375000e+003, -8.6913490e+001,
  9.4687500e+003, -8.7348572e+001,
  9.5000000e+003, -8.6466648e+001,
  9.5312500e+003, -8.6190311e+001,
  9.5625000e+003, -8.6742985e+001,
  9.5937500e+003, -8.5473015e+001,
  9.6250000e+003, -8.5349545e+001,
  9.6562500e+003, -8.5320148e+001,
  9.6875000e+003, -8.5878700e+001,
  9.7187500e+003, -8.5167278e+001,
  9.7500000e+003, -8.4885063e+001,
  9.7812500e+003, -8.5808144e+001,
  9.8125000e+003, -8.5190800e+001,
  9.8437500e+003, -8.4908581e+001,
  9.8750000e+003, -8.5008533e+001,
  9.9062500e+003, -8.5625881e+001,
  9.9375000e+003, -8.4467621e+001,
  9.9687500e+003, -8.2292210e+001,
  1.0000000e+004, -8.3050663e+001,
  1.0031250e+004, -8.2862518e+001,
  1.0062500e+004, -8.2062908e+001,
  1.0093750e+004, -8.1228020e+001,
  1.0125000e+004, -8.0540119e+001,
  1.0156250e+004, -8.0357857e+001,
  1.0187500e+004, -8.0516602e+001,
  1.0218750e+004, -7.9981567e+001,
  1.0250000e+004, -7.8829185e+001,
  1.0281250e+004, -7.8682198e+001,
  1.0312500e+004, -7.7594498e+001,
  1.0343750e+004, -7.6371559e+001,
  1.0375000e+004, -7.6571465e+001,
  1.0406250e+004, -7.5472000e+001,
  1.0437500e+004, -7.5460236e+001,
  1.0468750e+004, -7.4554794e+001,
  1.0500000e+004, -7.4684143e+001,
  1.0531250e+004, -7.4884048e+001,
  1.0562500e+004, -7.4648872e+001,
  1.0593750e+004, -7.5154503e+001,
  1.0625000e+004, -8.1157467e+001,
  1.0656250e+004, -8.2768448e+001,
  1.0687500e+004, -7.9223114e+001,
  1.0718750e+004, -7.7506302e+001,
  1.0750000e+004, -7.6353920e+001,
  1.0781250e+004, -7.5771851e+001,
  1.0812500e+004, -7.3490608e+001,
  1.0843750e+004, -7.2391144e+001,
  1.0875000e+004, -7.0203972e+001,
  1.0906250e+004, -6.9909996e+001,
  1.0937500e+004, -6.8240219e+001,
  1.0968750e+004, -6.6852661e+001,
  1.1000000e+004, -6.5670883e+001,
  1.1031250e+004, -6.5206406e+001,
  1.1062500e+004, -6.5206406e+001,
  1.1093750e+004, -6.6717438e+001,
  1.1125000e+004, -6.7781624e+001,
  1.1156250e+004, -6.9463158e+001,
  1.1187500e+004, -7.0586143e+001,
  1.1218750e+004, -7.1491585e+001,
  1.1250000e+004, -7.2108925e+001,
  1.1281250e+004, -7.2544014e+001,
  1.1312500e+004, -7.3184875e+001,
  1.1343750e+004, -7.4119713e+001,
  1.1375000e+004, -7.3878654e+001,
  1.1406250e+004, -7.5383804e+001,
  1.1437500e+004, -7.6089348e+001,
  1.1468750e+004, -7.5236816e+001,
  1.1500000e+004, -7.7194687e+001,
  1.1531250e+004, -7.6330406e+001,
  1.1562500e+004, -7.7712082e+001,
  1.1593750e+004, -7.7870827e+001,
  1.1625000e+004, -7.8305916e+001,
  1.1656250e+004, -7.9505325e+001,
  1.1687500e+004, -8.0563637e+001,
  1.1718750e+004, -7.9881615e+001,
  1.1750000e+004, -7.9928650e+001,
  1.1781250e+004, -7.9934532e+001,
  1.1812500e+004, -8.0216751e+001,
  1.1843750e+004, -7.8452904e+001,
  1.1875000e+004, -8.0181473e+001,
  1.1906250e+004, -7.9693474e+001,
  1.1937500e+004, -7.9611160e+001,
  1.1968750e+004, -8.0469566e+001,
  1.2000000e+004, -8.1345612e+001,
  1.2031250e+004, -8.1633705e+001,
  1.2062500e+004, -8.2662617e+001,
  1.2093750e+004, -8.3944347e+001,
  1.2125000e+004, -8.5473015e+001,
  1.2156250e+004, -8.7407368e+001,
  1.2187500e+004, -8.7330933e+001,
  1.2218750e+004, -8.8195217e+001,
  1.2250000e+004, -8.9400513e+001,
  1.2281250e+004, -8.9329960e+001,
  1.2312500e+004, -9.0494099e+001,
  1.2343750e+004, -9.0705761e+001,
  1.2375000e+004, -9.1082050e+001,
  1.2406250e+004, -9.1752312e+001,
  1.2437500e+004, -9.1328987e+001,
  1.2468750e+004, -9.1252556e+001,
