  0.0000000e+000, -6.3022316e+001,
  3.1250000e+001, -6.9407444e+001,
  6.2500000e+001, -7.2294275e+001,
  9.3750000e+001, -7.3999329e+001,
  1.2500000e+002, -6.7749428e+001,
  1.5625000e+002, -6.8231548e+001,
  1.8750000e+002, -6.7384899e+001,
  2.1875000e+002, -6.3792530e+001,
  2.5000000e+002, -5.7807209e+001,
  2.8125000e+002, -5.6131554e+001,
  3.1250000e+002, -5.8671494e+001,
  3.4375000e+002, -6.4844959e+001,
  3.7500000e+002, -6.7702393e+001,
  4.0625000e+002, -6.9554432e+001,
  4.3750000e+002, -7.0071827e+001,
  4.6875000e+002, -6.9178146e+001,
  5.0000000e+002, -7.3887619e+001,
  5.3125000e+002, -7.6762690e+001,
  5.6250000e+002, -7.9273233e+001,
  5.9375000e+002, -7.7450590e+001,
  6.2500000e+002, -7.9749472e+001,
  6.5625000e+002, -8.2030714e+001,
  6.8750000e+002, -8.3865116e+001,
  7.1875000e+002, -8.4541258e+001,
  7.5000000e+002, -8.4935184e+001,
  7.8125000e+002, -8.5252676e+001,
  8.1250000e+002, -8.6593201e+001,
  8.4375000e+002, -8.6610839e+001,
  8.7500000e+002, -8.6640237e+001,
  9.0625000e+002, -8.7281101e+001,
  9.3750000e+002, -8.7763220e+001,
  9.6875000e+002, -8.8451120e+001,
  1.0000000e+003, -8.8339410e+001,
  1.0312500e+003, -8.8662782e+001,
  1.0625000e+003, -8.9338923e+001,
  1.0937500e+003, -8.9233092e+001,
  1.1250000e+003, -8.9674054e+001,
  1.1562500e+003, -8.9721090e+001,
  1.1875000e+003, -9.0797037e+001,
  1.2187500e+003, -9.0655930e+001,
  1.2500000e+003, -9.0608893e+001,
  1.2812500e+003, -9.1202723e+001,
  1.3125000e+003, -9.1220361e+001,
  1.3437500e+003, -9.1773033e+001,
  1.3750000e+003, -9.1702479e+001,
  1.4062500e+003, -9.1349710e+001,
  1.4375000e+003, -9.1814189e+001,
  1.4687500e+003, -9.2055248e+001,
  1.5000000e+003, -9.2061128e+001,
  1.5312500e+003, -9.1220361e+001,
  1.5625000e+003, -9.2072887e+001,
  1.5937500e+003, -9.2166959e+001,
  1.6250000e+003, -9.2166959e+001,
  1.6562500e+003, -9.1708359e+001,
  1.6875000e+003, -9.1261518e+001,
  1.7187500e+003, -9.1279156e+001,
  1.7500000e+003, -9.0938145e+001,
  1.7812500e+003, -9.0532460e+001,
  1.8125000e+003, -8.9309525e+001,
  1.8437500e+003, -8.8168904e+001,
  1.8750000e+003, -8.8839167e+001,
  1.9062500e+003, -8.7528040e+001,
  1.9375000e+003, -8.6904814e+001,
  1.9687500e+003, -8.6793103e+001,
  2.0000000e+003, -8.6687272e+001,
  2.0312500e+003, -8.7110596e+001,
  2.0625000e+003, -8.8163025e+001,
  2.0937500e+003, -8.8909720e+001,
  2.1250000e+003, -8.9233092e+001,
  2.1562500e+003, -8.8457000e+001,
  2.1875000e+003, -8.9468272e+001,
  2.2187500e+003, -8.9991547e+001,
  2.2500000e+003, -9.0667688e+001,
  2.2812500e+003, -8.9956270e+001,
  2.3125000e+003, -8.9944510e+001,
  2.3437500e+003, -9.1831828e+001,
  2.3750000e+003, -9.1920020e+001,
  2.4062500e+003, -9.2084646e+001,
  2.4375000e+003, -9.2566765e+001,
  2.4687500e+003, -9.3048882e+001,
  2.5000000e+003, -9.3425170e+001,
  2.5312500e+003, -9.4348250e+001,
  2.5625000e+003, -9.4506997e+001,
  2.5937500e+003, -9.4524635e+001,
  2.6250000e+003, -9.5012633e+001,
  2.6562500e+003, -9.6259085e+001,
  2.6875000e+003, -9.5629980e+001,
  2.7187500e+003, -9.6300242e+001,
  2.7500000e+003, -9.6312001e+001,
  2.7812500e+003, -9.6188531e+001,
  2.8125000e+003, -9.5753449e+001,
  2.8437500e+003, -9.6500144e+001,
  2.8750000e+003, -9.6364916e+001,
  2.9062500e+003, -9.6735324e+001,
  2.9375000e+003, -9.6976383e+001,
  2.9687500e+003, -9.7305635e+001,
  3.0000000e+003, -9.7270358e+001,
  3.0312500e+003, -9.7240961e+001,
  3.0625000e+003, -9.6923468e+001,
  3.0937500e+003, -9.7105732e+001,
  3.1250000e+003, -9.7358551e+001,
  3.1562500e+003, -9.6688288e+001,
  3.1875000e+003, -9.7340912e+001,
  3.2187500e+003, -9.7193924e+001,
  3.2500000e+003, -9.6823517e+001,
  3.2812500e+003, -9.7082214e+001,
  3.3125000e+003, -9.7387948e+001,
  3.3437500e+003, -9.6976383e+001,
  3.3750000e+003, -9.7534935e+001,
  3.4062500e+003, -9.7382068e+001,
  3.4375000e+003, -9.7382068e+001,
  3.4687500e+003, -9.7875946e+001,
  3.5000000e+003, -9.7023419e+001,
  3.5312500e+003, -9.7199804e+001,
  3.5625000e+003, -9.8064089e+001,
  3.5937500e+003, -9.7652525e+001,
  3.6250000e+003, -9.8340425e+001,
  3.6562500e+003, -9.7934741e+001,
  3.6875000e+003, -9.7952379e+001,
  3.7187500e+003, -9.7623127e+001,
  3.7500000e+003, -9.7834789e+001,
  3.7812500e+003, -9.7617248e+001,
  3.8125000e+003, -9.7905343e+001,
  3.8437500e+003, -9.7558453e+001,
  3.8750000e+003, -9.7970017e+001,
  3.9062500e+003, -9.7523176e+001,
  3.9375000e+003, -9.7905343e+001,
  3.9687500e+003, -9.8634400e+001,
  4.0000000e+003, -9.8040572e+001,
  4.0312500e+003, -9.8181679e+001,
  4.0625000e+003, -9.8099366e+001,
  4.0937500e+003, -9.8410980e+001,
  4.1250000e+003, -9.7452622e+001,
  4.1562500e+003, -9.8093487e+001,
  4.1875000e+003, -9.7652525e+001,
  4.2187500e+003, -9.8463895e+001,
  4.2500000e+003, -9.8017054e+001,
  4.2812500e+003, -9.8381582e+001,
  4.3125000e+003, -9.8034692e+001,
  4.3437500e+003, -9.8175800e+001,
  4.3750000e+003, -9.7811271e+001,
  4.4062500e+003, -9.8334546e+001,
  4.4375000e+003, -9.7893584e+001,
  4.4687500e+003, -9.8669677e+001,
  4.5000000e+003, -9.8599123e+001,
  4.5312500e+003, -9.8234595e+001,
  4.5625000e+003, -9.7205684e+001,
  4.5937500e+003, -9.8334546e+001,
  4.6250000e+003, -9.7975897e+001,
  4.6562500e+003, -9.8017054e+001,
  4.6875000e+003, -9.7546694e+001,
  4.7187500e+003, -9.8122884e+001,
  4.7500000e+003, -9.8022933e+001,
  4.7812500e+003, -9.8075849e+001,
  4.8125000e+003, -9.8552087e+001,
  4.8437500e+003, -9.7364430e+001,
  4.8750000e+003, -9.7629007e+001,
  4.9062500e+003, -9.8028812e+001,
  4.9375000e+003, -9.9522203e+001,
  4.9687500e+003, -9.7617248e+001,
  5.0000000e+003, -9.7981777e+001,
  5.0312500e+003, -9.8640280e+001,
  5.0625000e+003, -9.7499658e+001,
  5.0937500e+003, -9.8587364e+001,
  5.1250000e+003, -9.8028812e+001,
  5.1562500e+003, -9.7787753e+001,
  5.1875000e+003, -9.7534935e+001,
  5.2187500e+003, -9.7623127e+001,
  5.2500000e+003, -9.7482020e+001,
  5.2812500e+003, -9.7858307e+001,
  5.3125000e+003, -9.7476140e+001,
  5.3437500e+003, -9.7240961e+001,
  5.3750000e+003, -9.7946500e+001,
  5.4062500e+003, -9.7664284e+001,
  5.4375000e+003, -9.7164527e+001,
  5.4687500e+003, -9.6670650e+001,
  5.5000000e+003, -9.6423711e+001,
  5.5312500e+003, -9.5259572e+001,
  5.5625000e+003, -9.4036637e+001,
  5.5937500e+003, -9.2843101e+001,
  5.6250000e+003, -8.9415357e+001,
  5.6562500e+003, -8.6622598e+001,
  5.6875000e+003, -8.2606905e+001,
  5.7187500e+003, -7.7668131e+001,
  5.7500000e+003, -7.8303116e+001,
  5.7812500e+003, -8.0384457e+001,
  5.8125000e+003, -8.0619637e+001,
  5.8437500e+003, -8.0666672e+001,
  5.8750000e+003, -7.7844517e+001,
  5.9062500e+003, -7.5704382e+001,
  5.9375000e+003, -7.6292330e+001,
  5.9687500e+003, -8.0478529e+001,
  6.0000000e+003, -8.2712736e+001,
  6.0312500e+003, -8.7345776e+001,
  6.0625000e+003, -8.9244851e+001,
  6.0937500e+003, -9.0361955e+001,
  6.1250000e+003, -9.1202723e+001,
  6.1562500e+003, -9.2602041e+001,
  6.1875000e+003, -9.1896502e+001,
  6.2187500e+003, -9.2143441e+001,
  6.2500000e+003, -9.3772060e+001,
  6.2812500e+003, -9.4542274e+001,
  6.3125000e+003, -9.3654470e+001,
  6.3437500e+003, -9.2249271e+001,
  6.3750000e+003, -9.3331099e+001,
  6.4062500e+003, -9.3101798e+001,
  6.4375000e+003, -9.4136589e+001,
  6.4687500e+003, -9.3413411e+001,
  6.5000000e+003, -9.4671623e+001,
  6.5312500e+003, -9.4383528e+001,
  6.5625000e+003, -9.4448202e+001,
  6.5937500e+003, -9.4060155e+001,
  6.6250000e+003, -9.4265938e+001,
  6.6562500e+003, -9.4365889e+001,
  6.6875000e+003, -9.3848494e+001,
  6.7187500e+003, -9.4024879e+001,
  6.7500000e+003, -9.4183624e+001,
  6.7812500e+003, -9.4942079e+001,
  6.8125000e+003, -9.4636345e+001,
  6.8437500e+003, -9.4171865e+001,
  6.8750000e+003, -9.3478086e+001,
  6.9062500e+003, -9.3566278e+001,
  6.9375000e+003, -9.3266424e+001,
  6.9687500e+003, -9.2966570e+001,
  7.0000000e+003, -9.2172838e+001,
  7.0312500e+003, -9.2860739e+001,
  7.0625000e+003, -9.2384501e+001,
  7.0937500e+003, -9.1931779e+001,
  7.1250000e+003, -9.1449661e+001,
  7.1562500e+003, -9.1326192e+001,
  7.1875000e+003, -9.1802430e+001,
  7.2187500e+003, -9.1537853e+001,
  7.2500000e+003, -9.0773520e+001,
  7.2812500e+003, -9.2266911e+001,
  7.3125000e+003, -9.2243392e+001,
  7.3437500e+003, -9.2443295e+001,
  7.3750000e+003, -9.2119923e+001,
  7.4062500e+003, -9.2396259e+001,
  7.4375000e+003, -9.2772547e+001,
  7.4687500e+003, -9.1861225e+001,
  7.5000000e+003, -9.1232120e+001,
  7.5312500e+003, -9.1020458e+001,
  7.5625000e+003, -9.0314919e+001,
  7.5937500e+003, -9.0026824e+001,
  7.6250000e+003, -8.9127261e+001,
  7.6562500e+003, -8.7798496e+001,
  7.6875000e+003, -8.8051314e+001,
  7.7187500e+003, -8.6604959e+001,
  7.7500000e+003, -8.5581928e+001,
  7.7812500e+003, -8.5311472e+001,
  7.8125000e+003, -8.3100782e+001,
  7.8437500e+003, -8.2471676e+001,
  7.8750000e+003, -8.0660793e+001,
  7.9062500e+003, -7.8844030e+001,
  7.9375000e+003, -7.6133585e+001,
  7.9687500e+003, -7.4663712e+001,
  8.0000000e+003, -7.4452049e+001,
  8.0312500e+003, -7.4963566e+001,
  8.0625000e+003, -7.5886646e+001,
  8.0937500e+003, -7.7562302e+001,
  8.1250000e+003, -7.9961134e+001,
  8.1562500e+003, -8.1019442e+001,
  8.1875000e+003, -8.2859722e+001,
  8.2187500e+003, -8.2689219e+001,
  8.2500000e+003, -8.3753407e+001,
  8.2812500e+003, -8.4112055e+001,
  8.3125000e+003, -8.4370752e+001,
  8.3437500e+003, -8.4417788e+001,
  8.3750000e+003, -8.5864143e+001,
  8.4062500e+003, -8.6440333e+001,
  8.4375000e+003, -8.6934211e+001,
  8.4687500e+003, -8.6804862e+001,
  8.5000000e+003, -8.7022404e+001,
  8.5312500e+003, -8.7010644e+001,
  8.5625000e+003, -8.7210547e+001,
  8.5937500e+003, -8.7204668e+001,
  8.6250000e+003, -8.7263463e+001,
  8.6562500e+003, -8.8609866e+001,
  8.6875000e+003, -8.8692179e+001,
  8.7187500e+003, -8.7528040e+001,
  8.7500000e+003, -8.8080712e+001,
  8.7812500e+003, -8.8733335e+001,
  8.8125000e+003, -9.0138535e+001,
  8.8437500e+003, -9.0044462e+001,
  8.8750000e+003, -8.9909234e+001,
  8.9062500e+003, -8.9362441e+001,
  8.9375000e+003, -9.0991060e+001,
  8.9687500e+003, -9.0203209e+001,
  9.0000000e+003, -9.1226240e+001,
  9.0312500e+003, -9.1061614e+001,
  9.0625000e+003, -9.1173325e+001,
  9.0937500e+003, -9.1214481e+001,
  9.1250000e+003, -9.1202723e+001,
  9.1562500e+003, -9.1155686e+001,
  9.1875000e+003, -9.0597135e+001,
  9.2187500e+003, -9.0120895e+001,
  9.2500000e+003, -9.0356075e+001,
  9.2812500e+003, -9.0173811e+001,
  9.3125000e+003, -9.0479545e+001,
  9.3437500e+003, -9.0344316e+001,
  9.3750000e+003, -8.9726970e+001,
  9.4062500e+003, -8.9632898e+001,
  9.4375000e+003, -8.9838680e+001,
  9.4687500e+003, -9.0532460e+001,
  9.5000000e+003, -8.8933238e+001,
  9.5312500e+003, -8.8621625e+001,
  9.5625000e+003, -8.8227699e+001,
  9.5937500e+003, -8.7357534e+001,
  9.6250000e+003, -8.7921966e+001,
  9.6562500e+003, -8.6316864e+001,
  9.6875000e+003, -8.6575562e+001,
  9.7187500e+003, -8.6463852e+001,
  9.7500000e+003, -8.6087564e+001,
  9.7812500e+003, -8.5517254e+001,
  9.8125000e+003, -8.6134600e+001,
  9.8437500e+003, -8.6734308e+001,
  9.8750000e+003, -8.6945970e+001,
  9.9062500e+003, -8.6299227e+001,
  9.9375000e+003, -8.5646603e+001,
  9.9687500e+003, -8.6305105e+001,
  1.0000000e+004, -8.7081199e+001,
  1.0031250e+004, -8.5476097e+001,
  1.0062500e+004, -8.5135086e+001,
  1.0093750e+004, -8.4176729e+001,
  1.0125000e+004, -8.4929304e+001,
  1.0156250e+004, -8.4435427e+001,
  1.0187500e+004, -8.3541744e+001,
  1.0218750e+004, -8.3741648e+001,
  1.0250000e+004, -8.3206614e+001,
  1.0281250e+004, -8.2489315e+001,
  1.0312500e+004, -8.1813173e+001,
  1.0343750e+004, -8.2295292e+001,
  1.0375000e+004, -8.1554476e+001,
  1.0406250e+004, -8.1666185e+001,
  1.0437500e+004, -8.1042959e+001,
  1.0468750e+004, -8.1131153e+001,
  1.0500000e+004, -7.9755352e+001,
  1.0531250e+004, -7.9978771e+001,
  1.0562500e+004, -8.0596119e+001,
  1.0593750e+004, -8.0537323e+001,
  1.0625000e+004, -8.0672552e+001,
  1.0656250e+004, -8.0031687e+001,
  1.0687500e+004, -7.9426100e+001,
  1.0718750e+004, -7.9696556e+001,
  1.0750000e+004, -7.8585333e+001,
  1.0781250e+004, -7.9543690e+001,
  1.0812500e+004, -7.8179647e+001,
  1.0843750e+004, -7.7885674e+001,
  1.0875000e+004, -7.7338881e+001,
  1.0906250e+004, -7.4540241e+001,
  1.0937500e+004, -7.4269785e+001,
  1.0968750e+004, -7.2676443e+001,
  1.1000000e+004, -7.2899864e+001,
  1.1031250e+004, -7.3417259e+001,
  1.1062500e+004, -7.5369249e+001,
  1.1093750e+004, -7.6733292e+001,
  1.1125000e+004, -7.8455984e+001,
  1.1156250e+004, -8.0778383e+001,
  1.1187500e+004, -8.2671579e+001,
  1.1218750e+004, -8.4988100e+001,
  1.1250000e+004, -8.6557923e+001,
  1.1281250e+004, -8.8286494e+001,
  1.1312500e+004, -9.0608893e+001,
  1.1343750e+004, -8.9515308e+001,
  1.1375000e+004, -8.6034649e+001,
  1.1406250e+004, -8.0625517e+001,
  1.1437500e+004, -7.7809238e+001,
  1.1468750e+004, -7.7674011e+001,
  1.1500000e+004, -8.0096361e+001,
  1.1531250e+004, -8.0225710e+001,
  1.1562500e+004, -8.1072357e+001,
  1.1593750e+004, -8.3653454e+001,
  1.1625000e+004, -8.4500101e+001,
  1.1656250e+004, -8.6052288e+001,
  1.1687500e+004, -8.7451607e+001,
  1.1718750e+004, -8.7951364e+001,
  1.1750000e+004, -8.7986640e+001,
  1.1781250e+004, -8.8039556e+001,
  1.1812500e+004, -8.9450634e+001,
  1.1843750e+004, -8.8192422e+001,
  1.1875000e+004, -8.8157146e+001,
  1.1906250e+004, -8.6369780e+001,
  1.1937500e+004, -8.6781344e+001,
  1.1968750e+004, -8.7669147e+001,
  1.2000000e+004, -8.6334503e+001,
  1.2031250e+004, -8.6446213e+001,
  1.2062500e+004, -8.4505981e+001,
  1.2093750e+004, -8.4605932e+001,
  1.2125000e+004, -8.3970947e+001,
  1.2156250e+004, -8.3676973e+001,
  1.2187500e+004, -8.1654427e+001,
  1.2218750e+004, -8.0360939e+001,
  1.2250000e+004, -7.9978771e+001,
  1.2281250e+004, -8.0349180e+001,
  1.2312500e+004, -7.9002777e+001,
  1.2343750e+004, -7.8767597e+001,
  1.2375000e+004, -7.8961620e+001,
  1.2406250e+004, -7.7485867e+001,
  1.2437500e+004, -7.7967985e+001,
  1.2468750e+004, -7.7244808e+001,
