  0.0000000e+000, -4.9363197e+001,
  3.1250000e+001, -5.4178505e+001,
  6.2500000e+001, -6.1998226e+001,
  9.3750000e+001, -6.6360809e+001,
  1.2500000e+002, -6.7965912e+001,
  1.5625000e+002, -7.0064888e+001,
  1.8750000e+002, -7.0011974e+001,
  2.1875000e+002, -6.6378448e+001,
  2.5000000e+002, -6.6425484e+001,
  2.8125000e+002, -6.3668003e+001,
  3.1250000e+002, -6.1962948e+001,
  3.4375000e+002, -5.6859550e+001,
  3.7500000e+002, -6.0487198e+001,
  4.0625000e+002, -6.3132969e+001,
  4.3750000e+002, -6.4832142e+001,
  4.6875000e+002, -6.7325047e+001,
  5.0000000e+002, -7.2628349e+001,
  5.3125000e+002, -7.5144772e+001,
  5.6250000e+002, -7.7578880e+001,
  5.9375000e+002, -7.9460316e+001,
  6.2500000e+002, -7.9524990e+001,
  6.5625000e+002, -8.1177128e+001,
  6.8750000e+002, -8.3005650e+001,
  7.1875000e+002, -8.3634758e+001,
  7.5000000e+002, -8.4146271e+001,
  7.8125000e+002, -8.4593113e+001,
  8.1250000e+002, -8.5469158e+001,
  8.4375000e+002, -8.5639664e+001,
  8.7500000e+002, -8.5892483e+001,
  9.0625000e+002, -8.6456913e+001,
  9.3750000e+002, -8.6956669e+001,
  9.6875000e+002, -8.7103657e+001,
  1.0000000e+003, -8.7203609e+001,
  1.0312500e+003, -8.7673969e+001,
  1.0625000e+003, -8.8209003e+001,
  1.0937500e+003, -8.8426544e+001,
  1.1250000e+003, -8.8597050e+001,
  1.1562500e+003, -8.8867504e+001,
  1.1875000e+003, -8.9143841e+001,
  1.2187500e+003, -8.9226154e+001,
  1.2500000e+003, -8.9584805e+001,
  1.2812500e+003, -8.9608322e+001,
  1.3125000e+003, -8.9772945e+001,
  1.3437500e+003, -9.0213909e+001,
  1.3750000e+003, -9.0631351e+001,
  1.4062500e+003, -9.0625473e+001,
  1.4375000e+003, -9.0596077e+001,
  1.4687500e+003, -9.0813618e+001,
  1.5000000e+003, -9.0860653e+001,
  1.5312500e+003, -9.0801857e+001,
  1.5625000e+003, -9.0872410e+001,
  1.5937500e+003, -9.1154629e+001,
  1.6250000e+003, -9.1283978e+001,
  1.6562500e+003, -9.0872410e+001,
  1.6875000e+003, -9.0378532e+001,
  1.7187500e+003, -9.0813618e+001,
  1.7500000e+003, -9.1178146e+001,
  1.7812500e+003, -9.0531403e+001,
  1.8125000e+003, -8.9414299e+001,
  1.8437500e+003, -9.0213909e+001,
  1.8750000e+003, -8.9114445e+001,
  1.9062500e+003, -8.7479946e+001,
  1.9375000e+003, -8.7685726e+001,
  1.9687500e+003, -8.8173725e+001,
  2.0000000e+003, -8.7879749e+001,
  2.0312500e+003, -8.8320713e+001,
  2.0625000e+003, -8.8403027e+001,
  2.0937500e+003, -8.9761189e+001,
  2.1250000e+003, -9.0596077e+001,
  2.1562500e+003, -9.0596077e+001,
  2.1875000e+003, -9.1031158e+001,
  2.2187500e+003, -9.1613228e+001,
  2.2500000e+003, -9.2983149e+001,
  2.2812500e+003, -9.2489271e+001,
  2.3125000e+003, -9.2747969e+001,
  2.3437500e+003, -9.3465267e+001,
  2.3750000e+003, -9.3535822e+001,
  2.4062500e+003, -9.3482906e+001,
  2.4375000e+003, -9.3853313e+001,
  2.4687500e+003, -9.4635286e+001,
  2.5000000e+003, -9.4517696e+001,
  2.5312500e+003, -9.4905743e+001,
  2.5625000e+003, -9.5182079e+001,
  2.5937500e+003, -9.5329067e+001,
  2.6250000e+003, -9.5658318e+001,
  2.6562500e+003, -9.5805305e+001,
  2.6875000e+003, -9.5858221e+001,
  2.7187500e+003, -9.6299183e+001,
  2.7500000e+003, -9.6016968e+001,
  2.7812500e+003, -9.6334459e+001,
  2.8125000e+003, -9.6346218e+001,
  2.8437500e+003, -9.6534363e+001,
  2.8750000e+003, -9.6716627e+001,
  2.9062500e+003, -9.6804819e+001,
  2.9375000e+003, -9.6845976e+001,
  2.9687500e+003, -9.6857735e+001,
  3.0000000e+003, -9.6940048e+001,
  3.0312500e+003, -9.6869493e+001,
  3.0625000e+003, -9.7163467e+001,
  3.0937500e+003, -9.7075275e+001,
  3.1250000e+003, -9.7169348e+001,
  3.1562500e+003, -9.7463322e+001,
  3.1875000e+003, -9.7275179e+001,
  3.2187500e+003, -9.7151709e+001,
  3.2500000e+003, -9.7580912e+001,
  3.2812500e+003, -9.7228142e+001,
  3.3125000e+003, -9.7251659e+001,
  3.3437500e+003, -9.7145830e+001,
  3.3750000e+003, -9.7580912e+001,
  3.4062500e+003, -9.7269299e+001,
  3.4375000e+003, -9.7639708e+001,
  3.4687500e+003, -9.7698502e+001,
  3.5000000e+003, -9.7545635e+001,
  3.5312500e+003, -9.7892525e+001,
  3.5625000e+003, -9.7939562e+001,
  3.5937500e+003, -9.7651466e+001,
  3.6250000e+003, -9.7328094e+001,
  3.6562500e+003, -9.7322214e+001,
  3.6875000e+003, -9.7486839e+001,
  3.7187500e+003, -9.7239901e+001,
  3.7500000e+003, -9.7239901e+001,
  3.7812500e+003, -9.7292816e+001,
  3.8125000e+003, -9.7175226e+001,
  3.8437500e+003, -9.7010601e+001,
  3.8750000e+003, -9.7228142e+001,
  3.9062500e+003, -9.6857735e+001,
  3.9375000e+003, -9.7945440e+001,
  3.9687500e+003, -9.6422651e+001,
  4.0000000e+003, -9.5940533e+001,
  4.0312500e+003, -9.5528969e+001,
  4.0625000e+003, -9.4688202e+001,
  4.0937500e+003, -9.4846949e+001,
  4.1250000e+003, -9.5317307e+001,
  4.1562500e+003, -9.4188444e+001,
  4.1875000e+003, -9.4629406e+001,
  4.2187500e+003, -9.3500544e+001,
  4.2500000e+003, -9.2877317e+001,
  4.2812500e+003, -9.2659777e+001,
  4.3125000e+003, -9.2165901e+001,
  4.3437500e+003, -9.2042431e+001,
  4.3750000e+003, -9.1860165e+001,
  4.4062500e+003, -9.1236938e+001,
  4.4375000e+003, -8.9096806e+001,
  4.4687500e+003, -8.9267311e+001,
  4.5000000e+003, -8.9578922e+001,
  4.5312500e+003, -8.9249672e+001,
  4.5625000e+003, -8.9149719e+001,
  4.5937500e+003, -8.9308468e+001,
  4.6250000e+003, -8.9478973e+001,
  4.6562500e+003, -8.9449574e+001,
  4.6875000e+003, -9.0019886e+001,
  4.7187500e+003, -9.1236938e+001,
  4.7500000e+003, -8.9972851e+001,
  4.7812500e+003, -9.1348652e+001,
  4.8125000e+003, -9.0937084e+001,
  4.8437500e+003, -9.2112984e+001,
  4.8750000e+003, -9.3318279e+001,
  4.9062500e+003, -9.3876831e+001,
  4.9375000e+003, -9.4294275e+001,
  4.9687500e+003, -9.5434896e+001,
  5.0000000e+003, -9.7010601e+001,
  5.0312500e+003, -9.7069397e+001,
  5.0625000e+003, -9.7863127e+001,
  5.0937500e+003, -9.8304089e+001,
  5.1250000e+003, -9.8427559e+001,
  5.1562500e+003, -9.8468716e+001,
  5.1875000e+003, -9.8433437e+001,
  5.2187500e+003, -9.8357004e+001,
  5.2500000e+003, -9.8345245e+001,
  5.2812500e+003, -9.8609823e+001,
  5.3125000e+003, -9.8421679e+001,
  5.3437500e+003, -9.8480474e+001,
  5.3750000e+003, -9.7763176e+001,
  5.4062500e+003, -9.7269299e+001,
  5.4375000e+003, -9.5999329e+001,
  5.4687500e+003, -9.5217356e+001,
  5.5000000e+003, -9.3923868e+001,
  5.5312500e+003, -9.3094860e+001,
  5.5625000e+003, -9.1842529e+001,
  5.5937500e+003, -9.0607834e+001,
  5.6250000e+003, -9.0243305e+001,
  5.6562500e+003, -8.8738155e+001,
  5.6875000e+003, -8.8849865e+001,
  5.7187500e+003, -8.7803318e+001,
  5.7500000e+003, -8.5827808e+001,
  5.7812500e+003, -8.6004192e+001,
  5.8125000e+003, -8.4093357e+001,
  5.8437500e+003, -8.1729801e+001,
  5.8750000e+003, -7.8978199e+001,
  5.9062500e+003, -7.6132526e+001,
  5.9375000e+003, -7.4492146e+001,
  5.9687500e+003, -7.5756237e+001,
  6.0000000e+003, -8.0318722e+001,
  6.0312500e+003, -8.4452007e+001,
  6.0625000e+003, -8.5604385e+001,
  6.0937500e+003, -8.7133053e+001,
  6.1250000e+003, -8.9531887e+001,
  6.1562500e+003, -8.9784706e+001,
  6.1875000e+003, -9.0343258e+001,
  6.2187500e+003, -9.0272705e+001,
  6.2500000e+003, -9.1272217e+001,
  6.2812500e+003, -9.1478001e+001,
  6.3125000e+003, -9.1995396e+001,
  6.3437500e+003, -9.2842041e+001,
  6.3750000e+003, -9.2553946e+001,
  6.4062500e+003, -9.3212450e+001,
  6.4375000e+003, -9.3271244e+001,
  6.4687500e+003, -9.2436356e+001,
  6.5000000e+003, -9.3188931e+001,
  6.5312500e+003, -9.3788639e+001,
  6.5625000e+003, -9.4194324e+001,
  6.5937500e+003, -9.4846949e+001,
  6.6250000e+003, -9.4323673e+001,
  6.6562500e+003, -9.4564732e+001,
  6.6875000e+003, -9.4882225e+001,
  6.7187500e+003, -9.5811184e+001,
  6.7500000e+003, -9.6087521e+001,
  6.7812500e+003, -9.6569639e+001,
  6.8125000e+003, -9.5940533e+001,
  6.8437500e+003, -9.5511332e+001,
  6.8750000e+003, -9.4247240e+001,
  6.9062500e+003, -9.4258999e+001,
  6.9375000e+003, -9.3647532e+001,
  6.9687500e+003, -9.2154140e+001,
  7.0000000e+003, -9.3324160e+001,
  7.0312500e+003, -9.3241846e+001,
  7.0625000e+003, -9.3271244e+001,
  7.0937500e+003, -9.2265850e+001,
  7.1250000e+003, -9.2859680e+001,
  7.1562500e+003, -9.2906715e+001,
  7.1875000e+003, -9.3224209e+001,
  7.2187500e+003, -9.3141895e+001,
  7.2500000e+003, -9.4300156e+001,
  7.2812500e+003, -9.3929747e+001,
  7.3125000e+003, -9.4059095e+001,
  7.3437500e+003, -9.4664684e+001,
  7.3750000e+003, -9.5299669e+001,
  7.4062500e+003, -9.4941019e+001,
  7.4375000e+003, -9.5599524e+001,
  7.4687500e+003, -9.5793547e+001,
  7.5000000e+003, -9.6381496e+001,
  7.5312500e+003, -9.5340826e+001,
  7.5625000e+003, -9.5975811e+001,
  7.5937500e+003, -9.4476540e+001,
  7.6250000e+003, -9.4623528e+001,
  7.6562500e+003, -9.4582371e+001,
  7.6875000e+003, -9.4705841e+001,
  7.7187500e+003, -9.3923868e+001,
  7.7500000e+003, -9.3782761e+001,
  7.7812500e+003, -9.3083101e+001,
  7.8125000e+003, -9.4070856e+001,
  7.8437500e+003, -9.2771488e+001,
  7.8750000e+003, -9.3747482e+001,
  7.9062500e+003, -9.2183537e+001,
  7.9375000e+003, -9.1677902e+001,
  7.9687500e+003, -9.1548553e+001,
  8.0000000e+003, -9.2365803e+001,
  8.0312500e+003, -9.1037037e+001,
  8.0625000e+003, -9.0149235e+001,
  8.0937500e+003, -8.9343742e+001,
  8.1250000e+003, -8.9026253e+001,
  8.1562500e+003, -8.8385387e+001,
  8.1875000e+003, -8.6674454e+001,
  8.2187500e+003, -8.7303558e+001,
  8.2500000e+003, -8.5957157e+001,
  8.2812500e+003, -8.4693066e+001,
  8.3125000e+003, -8.2958614e+001,
  8.3437500e+003, -8.2552929e+001,
  8.3750000e+003, -8.0124699e+001,
  8.4062500e+003, -7.9025234e+001,
  8.4375000e+003, -7.8860611e+001,
  8.4687500e+003, -7.8613670e+001,
  8.5000000e+003, -8.2206039e+001,
  8.5312500e+003, -8.2741074e+001,
  8.5625000e+003, -8.5375088e+001,
  8.5937500e+003, -8.7385872e+001,
  8.6250000e+003, -8.9337864e+001,
  8.6562500e+003, -9.0313858e+001,
  8.6875000e+003, -9.3112497e+001,
  8.7187500e+003, -9.4176685e+001,
  8.7500000e+003, -9.6869493e+001,
  8.7812500e+003, -9.7028240e+001,
  8.8125000e+003, -9.8309969e+001,
  8.8437500e+003, -9.8880280e+001,
  8.8750000e+003, -9.8997869e+001,
  8.9062500e+003, -9.9003750e+001,
  8.9375000e+003, -9.8850882e+001,
  8.9687500e+003, -9.7898405e+001,
  9.0000000e+003, -9.7392769e+001,
  9.0312500e+003, -9.7786694e+001,
  9.0625000e+003, -9.6446171e+001,
  9.0937500e+003, -9.5687716e+001,
  9.1250000e+003, -9.4276638e+001,
  9.1562500e+003, -9.4500057e+001,
  9.1875000e+003, -9.3988543e+001,
  9.2187500e+003, -9.3265366e+001,
  9.2500000e+003, -9.2424597e+001,
  9.2812500e+003, -9.2683294e+001,
  9.3125000e+003, -9.2065948e+001,
  9.3437500e+003, -9.2812643e+001,
  9.3750000e+003, -9.1613228e+001,
  9.4062500e+003, -9.2248211e+001,
  9.4375000e+003, -9.2795006e+001,
  9.4687500e+003, -9.1777855e+001,
  9.5000000e+003, -9.1548553e+001,
  9.5312500e+003, -9.2495152e+001,
  9.5625000e+003, -9.2477512e+001,
  9.5937500e+003, -9.2812643e+001,
  9.6250000e+003, -9.2436356e+001,
  9.6562500e+003, -9.2877317e+001,
  9.6875000e+003, -9.2230576e+001,
  9.7187500e+003, -9.2383442e+001,
  9.7500000e+003, -9.1883682e+001,
  9.7812500e+003, -9.1977757e+001,
  9.8125000e+003, -9.1054676e+001,
  9.8437500e+003, -9.1654385e+001,
  9.8750000e+003, -9.1048798e+001,
  9.9062500e+003, -9.0690147e+001,
  9.9375000e+003, -9.0701908e+001,
  9.9687500e+003, -8.8238400e+001,
  1.0000000e+004, -8.9208515e+001,
  1.0031250e+004, -8.9014492e+001,
  1.0062500e+004, -8.6674454e+001,
  1.0093750e+004, -8.6797924e+001,
  1.0125000e+004, -8.6756767e+001,
  1.0156250e+004, -8.4869450e+001,
  1.0187500e+004, -8.4481403e+001,
  1.0218750e+004, -8.4187428e+001,
  1.0250000e+004, -8.3064445e+001,
  1.0281250e+004, -8.2223679e+001,
  1.0312500e+004, -8.2106091e+001,
  1.0343750e+004, -8.1224167e+001,
  1.0375000e+004, -7.9430920e+001,
  1.0406250e+004, -7.8701862e+001,
  1.0437500e+004, -7.9031113e+001,
  1.0468750e+004, -7.6820427e+001,
  1.0500000e+004, -7.5297638e+001,
  1.0531250e+004, -7.3392681e+001,
  1.0562500e+004, -7.0993851e+001,
  1.0593750e+004, -6.7636658e+001,
  1.0625000e+004, -6.8171692e+001,
  1.0656250e+004, -7.1211391e+001,
  1.0687500e+004, -7.5156528e+001,
  1.0718750e+004, -7.6255993e+001,
  1.0750000e+004, -7.8237385e+001,
  1.0781250e+004, -7.9907158e+001,
  1.0812500e+004, -8.1371151e+001,
  1.0843750e+004, -8.1288841e+001,
  1.0875000e+004, -8.4081596e+001,
  1.0906250e+004, -8.4769497e+001,
  1.0937500e+004, -8.5310413e+001,
  1.0968750e+004, -8.5492676e+001,
  1.1000000e+004, -8.5910122e+001,
  1.1031250e+004, -8.5633785e+001,
  1.1062500e+004, -8.6662697e+001,
  1.1093750e+004, -8.6721489e+001,
  1.1125000e+004, -8.7091900e+001,
  1.1156250e+004, -8.7127174e+001,
  1.1187500e+004, -8.7932667e+001,
  1.1218750e+004, -8.7385872e+001,
  1.1250000e+004, -8.6709732e+001,
  1.1281250e+004, -8.6756767e+001,
  1.1312500e+004, -8.6221733e+001,
  1.1343750e+004, -8.5786652e+001,
  1.1375000e+004, -8.6245251e+001,
  1.1406250e+004, -8.7009586e+001,
  1.1437500e+004, -8.6403999e+001,
  1.1468750e+004, -8.5839565e+001,
  1.1500000e+004, -8.6592140e+001,
  1.1531250e+004, -8.6968430e+001,
  1.1562500e+004, -8.6703850e+001,
  1.1593750e+004, -8.7421150e+001,
  1.1625000e+004, -8.9337864e+001,
  1.1656250e+004, -9.0078682e+001,
  1.1687500e+004, -9.0760700e+001,
  1.1718750e+004, -9.1724937e+001,
  1.1750000e+004, -9.2195297e+001,
  1.1781250e+004, -9.1689659e+001,
  1.1812500e+004, -9.2436356e+001,
  1.1843750e+004, -9.3606375e+001,
  1.1875000e+004, -9.3812157e+001,
  1.1906250e+004, -9.2789125e+001,
  1.1937500e+004, -9.2259972e+001,
  1.1968750e+004, -9.2683294e+001,
  1.2000000e+004, -9.2583344e+001,
  1.2031250e+004, -9.2906715e+001,
  1.2062500e+004, -9.3330040e+001,
  1.2093750e+004, -9.3218328e+001,
  1.2125000e+004, -9.3741604e+001,
  1.2156250e+004, -9.3600496e+001,
  1.2187500e+004, -9.2330524e+001,
  1.2218750e+004, -9.3712206e+001,
  1.2250000e+004, -9.3359436e+001,
  1.2281250e+004, -9.3112497e+001,
  1.2312500e+004, -9.3906229e+001,
  1.2343750e+004, -9.3388834e+001,
  1.2375000e+004, -9.2459875e+001,
  1.2406250e+004, -9.2377560e+001,
  1.2437500e+004, -9.2983149e+001,
  1.2468750e+004, -9.2365803e+001,
