f X Y R logR theta
0.000000000000000000e+00 -5.450624851034892998e-03 -6.675090277172900867e-19 5.450624851034892998e-03 -4.482554626647825557e+01 -1.800000000000000000e+02
2.004008016032064177e+01 -4.767404144792299287e-04 -1.050206898577790227e-04 4.881708390471841720e-04 -6.578303544148020876e+01 -1.675767860106436729e+02
4.008016032064128353e+01 -9.772979979933179955e-04 2.150807991164398029e-04 1.000685328677458803e-03 -5.954852145536160890e+01 1.675883741304685373e+02
6.012024048096192530e+01 -1.558764510500624872e-03 -6.558621677730790698e-04 1.691124472743581056e-03 -5.499096061808927516e+01 -1.571807010585820308e+02
8.016032064128256707e+01 -2.403979515053808729e-03 1.464003283186558150e-03 2.814679932422044575e-03 -5.056589177024241621e+01 1.486589371511496154e+02
1.002004008016032088e+02 -4.531997096979461202e-03 9.931894531641182172e-04 4.639549867918945671e-03 -4.622495516434269547e+01 1.676390152160460048e+02
1.202404809619238506e+02 -8.160985551152790882e-03 2.016521232821669781e-03 8.406428673851058797e-03 -4.106224145653035862e+01 1.661206324323012495e+02
1.402805611222444782e+02 -1.130466708347661886e-02 6.256855995022581225e-03 1.292067122136809909e-02 -3.732877059395115538e+01 1.510365476569941734e+02
1.603206412825651341e+02 -1.733958451906949388e-02 1.134156972829722214e-02 2.071937246143768646e-02 -3.322694015445009796e+01 1.468118853243546766e+02
1.803607214428857901e+02 -2.230206724565141421e-02 2.357649434753958037e-02 3.245355587834903438e-02 -2.932922633344105634e+01 1.334088315099327531e+02
2.004008016032064177e+02 -2.729109313150460819e-02 5.099815576927827637e-02 5.784129715160293145e-02 -2.430971162770082117e+01 1.181529648913865458e+02
2.204408817635270452e+02 -5.262054699439319347e-03 1.052885013015480570e-01 1.054199114303649015e-01 -1.909601916573564395e+01 9.286111853844667507e+01
2.404809619238477012e+02 1.496023938761864569e-01 1.341119632856810073e-01 2.009151436547914615e-01 -1.349421866122038516e+01 4.187482875894574619e+01
2.605210420841683572e+02 1.832938444358482577e-01 -5.862342263087504113e-02 1.924404819393028265e-01 -1.386854338858715252e+01 -1.773599230484856548e+01
2.805611222444889563e+02 7.415913066452606284e-02 -9.799712813868433070e-02 1.228943195772203428e-01 -1.776383591806927598e+01 -5.288345836589727611e+01
3.006012024048096123e+02 2.395650284637820815e-02 -8.596362298552825965e-02 8.923933272625120261e-02 -2.054334582073737892e+01 -7.442781042711119710e+01
3.206412825651302683e+02 -1.610576015155803543e-03 -6.764334820734793641e-02 6.766251925402361200e-02 -2.294750883214042858e+01 -9.136394455183017271e+01
3.406813627254509242e+02 -1.235460561173494856e-02 -5.211384953619723620e-02 5.355828221015791063e-02 -2.497793931949026813e+01 -1.033368687867419879e+02
3.607214428857715802e+02 -1.844929061549388516e-02 -3.891586735940448516e-02 4.306763351462109674e-02 -2.687145193069563121e+01 -1.153647620005789065e+02
3.807615230460921794e+02 -1.957192764492204917e-02 -2.915288968035196354e-02 3.511340667683550409e-02 -2.864501277697752357e+01 -1.238756198471354821e+02
4.008016032064128353e+02 -1.884584477521154128e-02 -2.135489289018441261e-02 2.848152586577160431e-02 -3.046320705722961009e+01 -1.314286317341143047e+02
4.208416833667334913e+02 -1.698683941870432479e-02 -1.631903652472528957e-02 2.355554428435405884e-02 -3.211260923213900043e+01 -1.361486610106371415e+02
4.408817635270540904e+02 -1.483120193279684196e-02 -1.256225810200918037e-02 1.943643175567192488e-02 -3.378214134979623395e+01 -1.397348832187853418e+02
4.609218436873747464e+02 -1.299288345466326038e-02 -1.106029013630198399e-02 1.706297272944082635e-02 -3.491337817228564688e+01 -1.395936593013447009e+02
4.809619238476954024e+02 -1.111614825449899931e-02 -8.315455574387776300e-03 1.388220275841042101e-02 -3.670530444057499864e+01 -1.432016054590213514e+02
5.010020040080160584e+02 -9.849655807617166414e-03 -7.683802098679148179e-03 1.249225897186704431e-02 -3.762165252915259117e+01 -1.420418974473296316e+02
5.210420841683367144e+02 -8.513514153182757949e-03 -7.048245724651929466e-03 1.105249704960455277e-02 -3.868526395286271224e+01 -1.403790126529059705e+02
5.410821643286573135e+02 -7.240721348860052267e-03 -6.530674229159970715e-03 9.750782098849912136e-03 -3.977368307879587661e+01 -1.379515316900204880e+02
5.611222444889779126e+02 -6.503439202149741138e-03 -6.311466135147662977e-03 9.062523171345485823e-03 -4.040948950581059762e+01 -1.358582524447891160e+02
5.811623246492986254e+02 -5.768929417936116168e-03 -6.158454186912233792e-03 8.438430221399331396e-03 -4.102923883580380249e+01 -1.331294979140753867e+02
6.012024048096192246e+02 -5.058749738905472804e-03 -5.787691296170295943e-03 7.686892705159971938e-03 -4.183945572253956868e+01 -1.311551844008943135e+02
6.212424849699399374e+02 -4.553489868105707085e-03 -5.912892607072565282e-03 7.463013396860194125e-03 -4.209618768130893329e+01 -1.275996931748575349e+02
6.412825651302605365e+02 -3.996590688881607525e-03 -5.766706782638714168e-03 7.016241461878754311e-03 -4.263238157114562910e+01 -1.247237237717313292e+02
6.613226452905811357e+02 -3.766934332176877578e-03 -6.076417614776396213e-03 7.149310826373248343e-03 -4.246918852494068375e+01 -1.217958846117352607e+02
6.813627254509018485e+02 -3.207136917031195959e-03 -5.958928406214886002e-03 6.767167424778187598e-03 -4.294633367804987500e+01 -1.182894481607688704e+02
7.014028056112224476e+02 -3.055641909832358758e-03 -6.089452187761124763e-03 6.813103215727227789e-03 -4.288757273831667050e+01 -1.166471579552044915e+02
7.214428857715431604e+02 -2.606783693912507853e-03 -6.157753835911890239e-03 6.686796955982418286e-03 -4.305010938407058774e+01 -1.129445698629232027e+02
7.414829659318637596e+02 -2.426981742656754600e-03 -6.321452844185377826e-03 6.771337123526535891e-03 -4.294098337600313897e+01 -1.110031862389037798e+02
7.615230460921843587e+02 -2.082899277783092137e-03 -6.264557297616438897e-03 6.601753368349101356e-03 -4.316128619170076774e+01 -1.083914225088727790e+02
7.815631262525050715e+02 -1.957840102238163002e-03 -6.752641804008003602e-03 7.030740302355677554e-03 -4.261445097579087360e+01 -1.061688246147322019e+02
8.016032064128256707e+02 -1.678066889767106107e-03 -6.594570702982278411e-03 6.804724185679007602e-03 -4.289826157102282167e+01 -1.042765988110083413e+02
8.216432865731462698e+02 -1.523285179521829350e-03 -6.753073371390113169e-03 6.922744953956420574e-03 -4.274890547103407101e+01 -1.027114195572611948e+02
8.416833667334669826e+02 -1.427169055525909008e-03 -6.773329085745342058e-03 6.922051604607881367e-03 -4.274977545217125652e+01 -1.018984185219788969e+02
8.617234468937875818e+02 -1.320011866142669363e-03 -7.021314170456889776e-03 7.144318302470584366e-03 -4.247525619509030292e+01 -1.006473655590291827e+02
8.817635270541081809e+02 -1.308717523454960624e-03 -7.115598384682980670e-03 7.234948647246995310e-03 -4.236576304780619751e+01 -1.004215047288048055e+02
9.018036072144288937e+02 -1.076534405726352990e-03 -7.327345310366190946e-03 7.406005375643336108e-03 -4.216279164685984426e+01 -9.835810671435568509e+01
9.218436873747494928e+02 -8.628127329080736594e-04 -7.446165254567111563e-03 7.495987113809014259e-03 -4.205789547989662935e+01 -9.660958233989956057e+01
9.418837675350702057e+02 -8.008418812852638935e-04 -7.627214638324611266e-03 7.669142772037416955e-03 -4.185953564864782095e+01 -9.599397662534900633e+01
9.619238476953908048e+02 -6.319979054064257503e-04 -7.690291260083376851e-03 7.716216755467206721e-03 -4.180638372846252082e+01 -9.469808235415567310e+01
9.819639278557114039e+02 -6.535364656998216134e-04 -7.752611505831598360e-03 7.780108937049138793e-03 -4.173475854534540730e+01 -9.481857749407342340e+01
1.002004008016032117e+03 -3.844706960845169956e-04 -7.934808108137174354e-03 7.944117158571312870e-03 -4.155355929697247319e+01 -9.277402212255213954e+01
1.022044088176352716e+03 -3.679577930806392748e-04 -8.164980226947395406e-03 8.173267097307581816e-03 -4.130655827326805252e+01 -9.258030924182486388e+01
1.042084168336673429e+03 -2.516359597012482116e-04 -8.293872717526634339e-03 8.297689154863984937e-03 -4.117532887759031723e+01 -9.173781989461389230e+01
1.062124248496993914e+03 -3.239323776948787106e-04 -8.475318348104703831e-03 8.481506545834845839e-03 -4.098501207377942990e+01 -9.218881788923266640e+01
1.082164328657314627e+03 9.833436258650584761e-05 -8.540224360955174510e-03 8.540790465894681702e-03 -4.092451075970315344e+01 -8.934031065803219462e+01
1.102204408817635340e+03 -4.140235950089030727e-05 -8.733161589743174136e-03 8.733259729788058270e-03 -4.073094457777894917e+01 -9.027162702364493896e+01
1.122244488977955825e+03 1.256286661881925529e-04 -8.895208696671786167e-03 8.896095790801354652e-03 -4.057048309315654677e+01 -8.919085497819453678e+01
1.142284569138276538e+03 3.164832444734904954e-04 -9.187409653478521843e-03 9.192859064777552519e-03 -4.028546006532378954e+01 -8.802708407120839240e+01
1.162324649298597251e+03 3.623653616366562399e-04 -9.313015415442951750e-03 9.320062488180650903e-03 -4.016609562225728070e+01 -8.777177027306487389e+01
1.182364729458917964e+03 3.675712673169200320e-04 -9.525750122970832665e-03 9.532839243469690138e-03 -3.997002671813927321e+01 -8.779021718356936788e+01
1.202404809619238449e+03 5.159102618919571889e-04 -9.743753758061163284e-03 9.757402353908362774e-03 -3.976778782932659340e+01 -8.696914508607849825e+01
1.222444889779559162e+03 5.844574309142039825e-04 -9.984092643091201785e-03 1.000118474953736077e-02 -3.955344310635805272e+01 -8.664979355217730017e+01
1.242484969939879875e+03 4.517718820249331884e-04 -9.834738882961690729e-03 9.845109787576109689e-03 -3.969006083520201855e+01 -8.736989068234132105e+01
1.262525050100200360e+03 6.462639216765161433e-04 -1.008828230999321736e-02 1.010896122371546246e-02 -3.946034149244627542e+01 -8.633459231461864647e+01
1.282565130260521073e+03 6.041368851678720689e-04 -1.016283753559652989e-02 1.018077836665498212e-02 -3.939885244473962445e+01 -8.659801640735213368e+01
1.302605210420841786e+03 5.524942306654932701e-04 -1.034694372037400951e-02 1.036168394748198350e-02 -3.924586528008418185e+01 -8.694348842337487326e+01
1.322645290581162271e+03 7.848888739472892903e-04 -1.056972597895913281e-02 1.059882813403113105e-02 -3.904931510813839424e+01 -8.575311301442064860e+01
1.342685370741482984e+03 7.651730904548135212e-04 -1.077747522217912049e-02 1.080460374206481701e-02 -3.888229522982370412e+01 -8.593896090917812103e+01
1.362725450901803697e+03 8.739173497502886146e-04 -1.086016269791440815e-02 1.089526802604534779e-02 -3.880971373666339730e+01 -8.539932167389771678e+01
1.382765531062124182e+03 9.879313290156227414e-04 -1.095232699336461286e-02 1.099679384550031856e-02 -3.872915043564778159e+01 -8.484570544555526794e+01
1.402805611222444895e+03 1.084155026685728988e-03 -1.116918830858939712e-02 1.122168256522247318e-02 -3.855331251816458860e+01 -8.445586264955782951e+01
1.422845691382765608e+03 1.132545576576628882e-03 -1.136212345763545212e-02 1.141842847985540671e-02 -3.840234538570875600e+01 -8.430771479025914061e+01
1.442885771543086321e+03 1.222995393330774143e-03 -1.161391905588867596e-02 1.167813484974558787e-02 -3.820700238919745573e+01 -8.398866370518052804e+01
1.462925851703406806e+03 1.376237418214678807e-03 -1.173507346037753508e-02 1.181549738909671958e-02 -3.810543193462195433e+01 -8.331115831362471624e+01
1.482965931863727519e+03 1.562042152920300369e-03 -1.206561038193183777e-02 1.216630303650542873e-02 -3.785129951366943146e+01 -8.262338363961330856e+01
1.503006012024048232e+03 1.628912231587645917e-03 -1.238881721645546455e-02 1.249544505333680285e-02 -3.761943752355253423e+01 -8.250957635725883677e+01
1.523046092184368717e+03 1.727576090042751448e-03 -1.274837798337792941e-02 1.286490032429177081e-02 -3.736634359182245646e+01 -8.228266485164766664e+01
1.543086172344689430e+03 1.878207101072391569e-03 -1.295560876983689255e-02 1.309104505039965574e-02 -3.721498575764078964e+01 -8.175115549474978138e+01
1.563126252505010143e+03 1.941793060944371112e-03 -1.337495666279347670e-02 1.351517761715084927e-02 -3.693803695392909248e+01 -8.173944145659238814e+01
1.583166332665330629e+03 2.051821434567443776e-03 -1.371795528391466304e-02 1.387055400374594474e-02 -3.671259595429707190e+01 -8.149322121275405095e+01
1.603206412825651341e+03 2.205514548670753795e-03 -1.402099312195246965e-02 1.419339785076980352e-02 -3.651274457549900632e+01 -8.106057429387068680e+01
1.623246492985972054e+03 2.206615295274244604e-03 -1.432921865652091002e-02 1.449812602951585511e-02 -3.632823469229965241e+01 -8.124555658148798898e+01
1.643286573146292540e+03 2.478293661083947035e-03 -1.477382752901478316e-02 1.498025097679087439e-02 -3.604409031524726004e+01 -8.047735557499170511e+01
1.663326653306613252e+03 2.434473701273519222e-03 -1.521233065268040238e-02 1.540589712054030863e-02 -3.580073223881842637e+01 -8.090788396701337604e+01
1.683366733466933965e+03 2.493964910181938055e-03 -1.573020743754803205e-02 1.592668474609547358e-02 -3.551196443196203489e+01 -8.099095783621996247e+01
1.703406813627254451e+03 2.665314877523834204e-03 -1.603936917579311394e-02 1.625931323745662474e-02 -3.533242814836724222e+01 -8.056518392140213791e+01
1.723446893787575164e+03 2.578840112948586460e-03 -1.674771340773286571e-02 1.694509724715995494e-02 -3.497359079423139860e+01 -8.124625547512034984e+01
1.743486973947895876e+03 2.682382537067881569e-03 -1.729460890293893841e-02 1.750139060705695540e-02 -3.469302095036265143e+01 -8.118370851324912962e+01
1.763527054108216362e+03 2.593194613379552933e-03 -1.814465404047683680e-02 1.832902421165549106e-02 -3.429168520781333029e+01 -8.186649000153742861e+01
1.783567134268537075e+03 2.614540582452237315e-03 -1.884418382894927774e-02 1.902469675544194230e-02 -3.396811724474374472e+01 -8.210091284058225369e+01
1.803607214428857787e+03 2.583483488416351333e-03 -1.948368963216321262e-02 1.965422470150843259e-02 -3.368535376742983800e+01 -8.244679892738709270e+01
1.823647294589178500e+03 2.400187646880949221e-03 -2.040401297545024056e-02 2.054469873818016643e-02 -3.330047656038545512e+01 -8.329095109242243211e+01
1.843687374749498986e+03 1.964088403847119493e-03 -2.155856664455993443e-02 2.164785067913345754e-02 -3.284617643335569426e+01 -8.479445121025315757e+01
1.863727454909819699e+03 1.260270878736156506e-03 -2.251071910495844319e-02 2.254596986847386825e-02 -3.249309366070374239e+01 -8.679561983694503624e+01
1.883767535070140411e+03 5.529100246872309821e-04 -2.363000874250576269e-02 2.363647652816084146e-02 -3.208281736415260355e+01 -8.865960137147769160e+01
1.903807615230460897e+03 -5.727323631863954047e-04 -2.461186016662933462e-02 2.461852317304100146e-02 -3.172923217126845685e+01 -9.133306566627000223e+01
1.923847695390781610e+03 -1.778672766729395274e-03 -2.535893135474653892e-02 2.542123278414821358e-02 -3.145053995531879565e+01 -9.401214913655610417e+01
1.943887775551102322e+03 -3.425886676301789259e-03 -2.616956955072052837e-02 2.639286020856513801e-02 -3.112474295580033967e+01 -9.745823977536413452e+01
1.963927855711422808e+03 -5.450280796850574296e-03 -2.647643818255186743e-02 2.703159890940616539e-02 -3.091703740934216427e+01 -1.016320757343874561e+02
1.983967935871743521e+03 -7.506779709124469964e-03 -2.687320833445342241e-02 2.790199039115775700e-02 -3.064176840943452973e+01 -1.056072094066284137e+02
2.004008016032064234e+03 -9.526046037532535926e-03 -2.593871827671422395e-02 2.763263756770131113e-02 -3.072602528951127709e+01 -1.101658601885846593e+02
2.024048096192384719e+03 -1.117385566630432932e-02 -2.442139780933388557e-02 2.685627899417823705e-02 -3.097355530788077971e+01 -1.145861630953227177e+02
2.044088176352705432e+03 -1.204653688276425584e-02 -2.248619164876713289e-02 2.550976020531914648e-02 -3.142034458155932697e+01 -1.181793083643315043e+02
2.064128256513025917e+03 -1.236056847931811704e-02 -2.073702276638283298e-02 2.414141185484793700e-02 -3.189921880145364952e+01 -1.207975983716736010e+02
2.084168336673346857e+03 -1.235688184614048418e-02 -1.841601246052383678e-02 2.217751212164352503e-02 -3.263621559994098931e+01 -1.238610480881036864e+02
2.104208416833667343e+03 -1.173599407503863289e-02 -1.735320124141629533e-02 2.094915631366652334e-02 -3.313114135991890663e+01 -1.240705438165103516e+02
2.124248496993987828e+03 -1.118799158703451431e-02 -1.629008510793801198e-02 1.976203503122638677e-02 -3.363783880952517080e+01 -1.244811867100783473e+02
2.144288577154308769e+03 -1.056329472129539405e-02 -1.570340263915906767e-02 1.892564529458626646e-02 -3.401345818053791703e+01 -1.239277564709061608e+02
2.164328657314629254e+03 -1.007546178829224134e-02 -1.575734910692600313e-02 1.870318104293702127e-02 -3.411616255055092495e+01 -1.225953974700601492e+02
2.184368737474949739e+03 -9.600210728330779014e-03 -1.560267662321038543e-02 1.831959507840807272e-02 -3.429615470293556712e+01 -1.216036761584446992e+02
2.204408817635270680e+03 -9.362109788809934441e-03 -1.479818217642783762e-02 1.751100498042523074e-02 -3.468825067476660706e+01 -1.223196013951419303e+02
2.224448897795591165e+03 -9.097215487225385547e-03 -1.454742678843597842e-02 1.715770834890015598e-02 -3.486528647968289363e+01 -1.220197508974163725e+02
2.244488977955911650e+03 -8.962179328353936728e-03 -1.424271934322946832e-02 1.682782554590989132e-02 -3.503391208504061183e+01 -1.221800057052503519e+02
2.264529058116232591e+03 -8.856917112579644133e-03 -1.390215698894035207e-02 1.648377838009991089e-02 -3.521333676735577001e+01 -1.225007807669518201e+02
2.284569138276553076e+03 -8.659160614100295736e-03 -1.335498006747005105e-02 1.591654972484012054e-02 -3.551749349837369607e+01 -1.229587456290047953e+02
2.304609218436874016e+03 -8.190776348568816478e-03 -1.297769520045195107e-02 1.534631518991148337e-02 -3.583438983172314352e+01 -1.222577690721789310e+02
2.324649298597194502e+03 -7.777820568450779029e-03 -1.260987712132103158e-02 1.481565029993052972e-02 -3.614005773333245486e+01 -1.216664446535907302e+02
2.344689378757514987e+03 -7.146838610177593323e-03 -1.232039242169154572e-02 1.424322195096319049e-02 -3.648230726744603203e+01 -1.201172511824273101e+02
2.364729458917835927e+03 -6.526483515720262960e-03 -1.211575566336484111e-02 1.376177758777279159e-02 -3.678098141223497208e+01 -1.183103420093751481e+02
2.384769539078156413e+03 -6.079901112324421868e-03 -1.198546849025400839e-02 1.343936949661387291e-02 -3.698689421737989846e+01 -1.168974370867042154e+02
2.404809619238476898e+03 -5.421719273569977626e-03 -1.185589791871838154e-02 1.303676935979428131e-02 -3.725107246044286313e+01 -1.145746867360358721e+02
2.424849699398797839e+03 -4.718810135692147988e-03 -1.221386968998203378e-02 1.309373063342043723e-02 -3.721320405990193336e+01 -1.111239641365591666e+02
2.444889779559118324e+03 -4.219331623072237678e-03 -1.272672972918726178e-02 1.340792336438556380e-02 -3.700724172581603000e+01 -1.083420653691349571e+02
2.464929859719438809e+03 -3.714151480673457371e-03 -1.297473742278290945e-02 1.349587834902019751e-02 -3.695044900785349995e+01 -1.059743119148800048e+02
2.484969939879759750e+03 -3.116994563095342157e-03 -1.313883081702503161e-02 1.350350067000304251e-02 -3.694554469945772723e+01 -1.033458615708032227e+02
2.505010020040080235e+03 -2.528972776429302786e-03 -1.355769293340123444e-02 1.379154599674446702e-02 -3.676221306185147597e+01 -1.005661864515931683e+02
2.525050100200400720e+03 -2.062069184824367324e-03 -1.316937173182491753e-02 1.332983425005695478e-02 -3.705797712160057245e+01 -9.889915326313317223e+01
2.545090180360721661e+03 -1.659143996723144851e-03 -1.354132452447676452e-02 1.364258878215781658e-02 -3.685653633114530692e+01 -9.698532036578177440e+01
2.565130260521042146e+03 -1.341664120086563964e-03 -1.394997249688828024e-02 1.401434248457868528e-02 -3.662301757297377236e+01 -9.549362931398849241e+01
2.585170340681362632e+03 -1.117469779725064737e-03 -1.438861065043996364e-02 1.443193871794614877e-02 -3.636797858446144005e+01 -9.444087619862992256e+01
2.605210420841683572e+03 -9.019899869596898238e-04 -1.478583351944006731e-02 1.481332031656552688e-02 -3.614142382725928826e+01 -9.349092621118190038e+01
2.625250501002004057e+03 -7.078661072703084419e-04 -1.536816402790081894e-02 1.538445774196434655e-02 -3.581282824142355992e+01 -9.263721123103103139e+01
2.645290581162324543e+03 -5.589030219868252550e-04 -1.577039741730651770e-02 1.578029807347675409e-02 -3.559216805930569905e+01 -9.202971344054060410e+01
2.665330661322645483e+03 -6.090745647876407310e-04 -1.623123013518882121e-02 1.624265383263871071e-02 -3.534133233339976243e+01 -9.214900754017790518e+01
2.685370741482965968e+03 -5.382451978271345777e-04 -1.663381408096177225e-02 1.664252020497454868e-02 -3.513009024812793513e+01 -9.185335853641595349e+01
2.705410821643286454e+03 -5.979749806280820236e-04 -1.707216573500317663e-02 1.708263495368538692e-02 -3.490337489864128884e+01 -9.200603967592806498e+01
2.725450901803607394e+03 -4.922425172871406880e-04 -1.782949586075474949e-02 1.783628956213976352e-02 -3.452838182054280480e+01 -9.158143878548362693e+01
2.745490981963927879e+03 -5.899164128243617258e-04 -1.859800758785638830e-02 1.860736111360456607e-02 -3.416077638422818552e+01 -9.181677483016022734e+01
2.765531062124248365e+03 -6.915845814505307059e-04 -1.894057281092549616e-02 1.895319465523609762e-02 -3.400082364639097676e+01 -9.209113433358916723e+01
2.785571142284569305e+03 -8.229377403751582474e-04 -1.920189939721182043e-02 1.921952567014018065e-02 -3.387961880060684194e+01 -9.245402927626938094e+01
2.805611222444889790e+03 -9.182066578023226735e-04 -1.948673248061630336e-02 1.950835324258659575e-02 -3.375005988840627680e+01 -9.269775770004989113e+01
2.825651302605210276e+03 -9.836183349828035542e-04 -1.972806454363065440e-02 1.975257035594535707e-02 -3.364199975840560342e+01 -9.285433723865358502e+01
2.845691382765531216e+03 -1.084130014882555464e-03 -2.006034733631360117e-02 2.008962103034085331e-02 -3.349503721947709778e+01 -9.309345122624689850e+01
2.865731462925851702e+03 -1.287653592349614603e-03 -2.024566819513010443e-02 2.028657517771773749e-02 -3.341029741150042298e+01 -9.363919218173410286e+01
2.885771543086172642e+03 -1.362852746720815723e-03 -2.047340757872757183e-02 2.051871793007409295e-02 -3.331146767999209857e+01 -9.380838798129069289e+01
2.905811623246493127e+03 -1.656109989304757916e-03 -2.050667773092390220e-02 2.057344239199276892e-02 -3.328833280881416812e+01 -9.461716068822515524e+01
2.925851703406813613e+03 -1.664798371493990403e-03 -2.066993846628654985e-02 2.073687319288521416e-02 -3.321960666688654840e+01 -9.460477727282854232e+01
2.945891783567134553e+03 -1.806946161756461553e-03 -2.068631707737575431e-02 2.076508532747251001e-02 -3.320779770490204186e+01 -9.499210542861621320e+01
2.965931863727455038e+03 -1.889724146675608469e-03 -2.080002521905017707e-02 2.088569142891018304e-02 -3.315749495925115298e+01 -9.519118533290192374e+01
2.985971943887775524e+03 -1.927887404477365537e-03 -2.086709221224893746e-02 2.095596066132122612e-02 -3.312832061545744011e+01 -9.527850867756028208e+01
3.006012024048096464e+03 -1.939668609087184846e-03 -2.097631799424322721e-02 2.106580715065744375e-02 -3.308291002440388695e+01 -9.528308560850395281e+01
3.026052104208416949e+03 -2.006647524964248579e-03 -2.111113975533354670e-02 2.120629284100994730e-02 -3.302517701871772005e+01 -9.542974227020023648e+01
3.046092184368737435e+03 -2.069585154414324297e-03 -2.140085696200486748e-02 2.150069444040271852e-02 -3.290542236163751966e+01 -9.552365294595722389e+01
3.066132264529058375e+03 -2.097317239991799455e-03 -2.127416902621743697e-02 2.137730121790952856e-02 -3.295541457115667328e+01 -9.563031988893442303e+01
3.086172344689378860e+03 -2.119395394869676499e-03 -2.148035834481827611e-02 2.158466194920826212e-02 -3.287156707997627336e+01 -9.563494530302817509e+01
3.106212424849699346e+03 -2.146463320643950123e-03 -2.152792776380215226e-02 2.163467075299167763e-02 -3.285146630019597325e+01 -9.569391382949960700e+01
3.126252505010020286e+03 -2.178636250079967873e-03 -2.158063427743928120e-02 2.169032576349995065e-02 -3.282915061253964240e+01 -9.576466730113392600e+01
3.146292585170340772e+03 -2.267455605722844096e-03 -2.163912436847368823e-02 2.175759771569912501e-02 -3.280225325254242819e+01 -9.598190830813284435e+01
3.166332665330661257e+03 -2.225811469626086999e-03 -2.183772490547982933e-02 2.195086480632899711e-02 -3.272543940627058845e+01 -9.581977807604259567e+01
3.186372745490982197e+03 -2.337249892050693306e-03 -2.182480892055807878e-02 2.194960185235173000e-02 -3.272593916764910915e+01 -9.611259016175044678e+01
3.206412825651302683e+03 -2.308477319404264073e-03 -2.188533770423880739e-02 2.200675064526293537e-02 -3.270335365453635745e+01 -9.602132446955620537e+01
3.226452905811623168e+03 -2.499551301489017375e-03 -2.189510208268210731e-02 2.203731498889657803e-02 -3.269129852045850981e+01 -9.651270827414339237e+01
3.246492985971944108e+03 -2.442675667430573103e-03 -2.198822090875425170e-02 2.212348352200518842e-02 -3.265740188163096036e+01 -9.633900774443617365e+01
3.266533066132264594e+03 -2.421912955686053755e-03 -2.190413770549375777e-02 2.203762489439715574e-02 -3.269117637372463037e+01 -9.630949344236729814e+01
3.286573146292585079e+03 -2.341727130436797692e-03 -2.204058998095146521e-02 2.216464059401464584e-02 -3.264125823611225030e+01 -9.606470252283899924e+01
3.306613226452906019e+03 -2.316842873391062544e-03 -2.191396058381466297e-02 2.203609378653498263e-02 -3.269177986416374893e+01 -9.603514887829791746e+01
3.326653306613226505e+03 -2.281345298858016186e-03 -2.202639309979637083e-02 2.214422112785588079e-02 -3.264926391421757046e+01 -9.591322615937326646e+01
3.346693386773546990e+03 -2.221032447628283352e-03 -2.206880487845134034e-02 2.218028705622574620e-02 -3.263512885641393524e+01 -9.574696884072309899e+01
3.366733466933867930e+03 -2.150240751540248747e-03 -2.214749841368106320e-02 2.225163412591510403e-02 -3.260723389758834401e+01 -9.554531266268138268e+01
3.386773547094188416e+03 -2.050897843967313880e-03 -2.224873165241643760e-02 2.234305802945574584e-02 -3.257161983633699265e+01 -9.526666637826902218e+01
3.406813627254508901e+03 -1.943727065476000618e-03 -2.234964725591908133e-02 2.243401005993077291e-02 -3.253633390006431370e+01 -9.497045182304941591e+01
3.426853707414829842e+03 -1.858093233520542644e-03 -2.246432036669975332e-02 2.254103369418040265e-02 -3.249499554204119534e+01 -9.472834734242056243e+01
3.446893787575150327e+03 -1.867764077369139580e-03 -2.262027601886812747e-02 2.269725599755378215e-02 -3.243500498583862424e+01 -9.472022464346065362e+01
3.466933867735470812e+03 -1.739215509327708600e-03 -2.276119980299826442e-02 2.282755105261828621e-02 -3.238528565116460811e+01 -9.436956065916692182e+01
3.486973947895791753e+03 -1.778632832243299709e-03 -2.297207446665230565e-02 2.304082767726351941e-02 -3.230451058886800553e+01 -9.442734266724124836e+01
3.507014028056112238e+03 -1.683553013423158377e-03 -2.304320180615599192e-02 2.310462075491041475e-02 -3.228049521990207182e+01 -9.417864667905820397e+01
3.527054108216432724e+03 -1.800112627464464481e-03 -2.321373048317374246e-02 2.328342089163417533e-02 -3.221353632744501283e+01 -9.443413718549382452e+01
3.547094188376753664e+03 -1.748267464672404684e-03 -2.328283761047389780e-02 2.334838252050299920e-02 -3.218933610944861812e+01 -9.429418120255463975e+01
3.567134268537074149e+03 -1.883503317097891044e-03 -2.341904462252585375e-02 2.349466398519833854e-02 -3.213508734112805598e+01 -9.459818108343326060e+01
3.587174348697395089e+03 -1.808610193135049829e-03 -2.356078948255383929e-02 2.363010520230351269e-02 -3.208515900306762347e+01 -9.438961964095553014e+01
3.607214428857715575e+03 -1.970140412516406016e-03 -2.358401487138948177e-02 2.366616172299493628e-02 -3.207191554685044110e+01 -9.477523643971569811e+01
3.627254509018036060e+03 -1.948768147750758054e-03 -2.367622696653795544e-02 2.375629223310546378e-02 -3.203889892534883188e+01 -9.470535535458721199e+01
3.647294589178357000e+03 -1.947879005312925463e-03 -2.367273797410934452e-02 2.375274206928912682e-02 -3.204019705028932208e+01 -9.470390819907913738e+01
3.667334669338677486e+03 -2.068887902312408975e-03 -2.367033178248327541e-02 2.376057456891925504e-02 -3.203733333826888696e+01 -9.499520089916005361e+01
3.687374749498997971e+03 -2.179309966050175119e-03 -2.380080711227434975e-02 2.390037261474839414e-02 -3.198637866985382772e+01 -9.523167337122420406e+01
3.707414829659318912e+03 -2.171173084567265717e-03 -2.371207321638047621e-02 2.381126642541588415e-02 -3.201882221788648053e+01 -9.523164460917017493e+01
3.727454909819639397e+03 -2.265603094928333137e-03 -2.378495836722129345e-02 2.389261814691305552e-02 -3.198919726108811901e+01 -9.544121284258829974e+01
3.747494989979959882e+03 -2.225823043807811583e-03 -2.376383868746224579e-02 2.386785112627597474e-02 -3.199820569967652517e+01 -9.535095688577555961e+01
3.767535070140280823e+03 -2.402647954911309256e-03 -2.378937234078363008e-02 2.391039425780513289e-02 -3.198273736089554120e+01 -9.576712848109787046e+01
3.787575150300601308e+03 -2.483707394520951427e-03 -2.374528321013691032e-02 2.387482517530145273e-02 -3.199566810332503763e+01 -9.597130611445363968e+01
3.807615230460921794e+03 -2.585027460048264399e-03 -2.359194688789978400e-02 2.373314823049584021e-02 -3.204736507135532264e+01 -9.625309351769129762e+01
3.827655310621242734e+03 -2.684821743000840536e-03 -2.361356243717312176e-02 2.376570215175565631e-02 -3.203545910692265863e+01 -9.648657672936124641e+01
3.847695390781563219e+03 -2.678605275023711405e-03 -2.344639196158657124e-02 2.359890298797247613e-02 -3.209663580683539408e+01 -9.651743206196476876e+01
3.867735470941883705e+03 -2.907022664288118861e-03 -2.328790823076123950e-02 2.346864824686419396e-02 -3.214471059146529797e+01 -9.711540895171857812e+01
3.887775551102204645e+03 -3.061877196369099975e-03 -2.312260874363930227e-02 2.332445341432612743e-02 -3.219824260032015673e+01 -9.754317572297236438e+01
3.907815631262525130e+03 -3.230199886740489201e-03 -2.285420729710819707e-02 2.308135573330760346e-02 -3.228924581662107585e+01 -9.804486310244283231e+01
3.927855711422845616e+03 -3.408808114578072007e-03 -2.243903238894005489e-02 2.269647874261366757e-02 -3.243530243440370953e+01 -9.863799870393317804e+01
3.947895791583166556e+03 -3.640640015227454389e-03 -2.200664380698211242e-02 2.230575332437484751e-02 -3.258613420376971703e+01 -9.939357274792790520e+01
3.967935871743487041e+03 -3.853464722839644932e-03 -2.143976687598884295e-02 2.178331457944171490e-02 -3.279199283977175128e+01 -1.001892356767811236e+02
3.987975951903807527e+03 -4.102034982257586095e-03 -2.078360453676738120e-02 2.118454409555236770e-02 -3.303408966272465364e+01 -1.011649007973836945e+02
4.008016032064128467e+03 -4.347188721076688037e-03 -1.993015571838936337e-02 2.039875380350242642e-02 -3.336239937764511865e+01 -1.023046983442055904e+02
4.028056112224448952e+03 -4.521024206549323007e-03 -1.886575609667155359e-02 1.939990755068963721e-02 -3.379847889925595439e+01 -1.034763274306323666e+02
4.048096192384769438e+03 -4.611695969393699718e-03 -1.749678157029604594e-02 1.809433903276860822e-02 -3.440361763753823254e+01 -1.047658552622316961e+02
4.068136272545090378e+03 -4.700895058261152053e-03 -1.573602098188310594e-02 1.642317784994881680e-02 -3.524532818632889075e+01 -1.066327091803117213e+02
4.088176352705410864e+03 -4.467977253517503577e-03 -1.357662536076576464e-02 1.429292051767370314e-02 -3.645205253329320527e+01 -1.082160320921152419e+02
4.108216432865731804e+03 -3.837413346516923684e-03 -1.094489129944783284e-02 1.159811996613050421e-02 -3.826672017383749136e+01 -1.093212931155236021e+02
4.128256513026051834e+03 -2.670028262261675989e-03 -7.850035019177923137e-03 8.291688653320012856e-03 -4.118161237984815415e+01 -1.087846824491289794e+02
4.148296593186372775e+03 -6.115616388390680662e-04 -4.254315604529985799e-03 4.298047103167538900e-03 -4.688904869172547762e+01 -9.818027963679921299e+01
4.168336673346693715e+03 2.279530821250309609e-03 -6.617088040651300442e-05 2.280491032747966173e-03 -5.239390472846480407e+01 -1.662731545865894445e+00
4.188376753507013746e+03 6.547326775464025472e-03 4.910954698909968455e-03 8.184434247976707724e-03 -4.129469882537804892e+01 3.687247171573100957e+01
4.208416833667334686e+03 1.381833780420329595e-02 1.106294774223171191e-02 1.770127883567804844e-02 -3.459437924044418367e+01 3.868072986903811028e+01
4.228456913827655626e+03 2.647190830035996145e-02 1.712856018107306033e-02 3.153013642436880426e-02 -2.957995510869238487e+01 3.290475218318145068e+01
4.248496993987975657e+03 4.737069174679805345e-02 1.828428626848017588e-02 5.077693926299510496e-02 -2.544114172809639740e+01 2.110574535807415941e+01
4.268537074148296597e+03 7.316879491330173513e-02 3.906162684608338251e-03 7.327298721891606359e-02 -2.225559415837446764e+01 3.055870754320830329e+00
4.288577154308617537e+03 8.527123392754125397e-02 -2.786935797061299014e-02 8.971000194638070746e-02 -2.049765478381070949e+01 -1.809904241428353444e+01
4.308617234468937568e+03 7.514918712142229507e-02 -5.745845579584937107e-02 9.459849083074273191e-02 -2.003678794626303983e+01 -3.740123359006896209e+01
4.328657314629258508e+03 5.668186336605918890e-02 -7.217885189476916374e-02 9.177483476147273167e-02 -2.029999988099145725e+01 -5.185754557488162675e+01
4.348697394789579448e+03 4.041583586256771582e-02 -7.687435774619495732e-02 8.685106025466805824e-02 -2.077896961443443757e+01 -6.226735154391846550e+01
4.368737474949899479e+03 2.851345529492137210e-02 -7.705416792280678218e-02 8.216058621462961342e-02 -2.126120152007075603e+01 -6.969329397718298935e+01
4.388777555110220419e+03 1.952453194065640121e-02 -7.583245245843159288e-02 7.830560767507011022e-02 -2.167861482243799998e+01 -7.556168202058249506e+01
4.408817635270541359e+03 1.263628292274664860e-02 -7.403852073147082491e-02 7.510910862344281902e-02 -2.204061994757798715e+01 -8.031455220895779235e+01
4.428857715430861390e+03 6.981873729945028452e-03 -7.206325027467863631e-02 7.240068094245984132e-02 -2.235961908897155936e+01 -8.446614981425068436e+01
4.448897795591182330e+03 2.310513379370941495e-03 -7.003284720190285084e-02 7.007095089465623095e-02 -2.264371188363486809e+01 -8.811039147206714972e+01
4.468937875751503270e+03 -1.864795164110670837e-03 -6.792636997372840379e-02 6.795196243532575231e-02 -2.291043203450935550e+01 -9.157255661595915797e+01
4.488977955911823301e+03 -5.382263578814448605e-03 -6.562020725011470657e-02 6.584056774345008189e-02 -2.318460076291248484e+01 -9.468898579085843892e+01
4.509018036072144241e+03 -8.573311065316434679e-03 -6.312078018925382228e-02 6.370034971899898868e-02 -2.347163577284873526e+01 -9.773480422989483429e+01
4.529058116232465181e+03 -1.117557187877610964e-02 -6.053678942994238088e-02 6.155969689092754410e-02 -2.376854265026898361e+01 -1.004594965034440293e+02
4.549098196392786122e+03 -1.347975480110667063e-02 -5.783278128228012960e-02 5.938294688159227036e-02 -2.408123719219031500e+01 -1.031203407591881103e+02
4.569138276553106152e+03 -1.520844648315764283e-02 -5.500461804484979567e-02 5.706842253550457184e-02 -2.442655474366903690e+01 -1.054558019863194573e+02
4.589178356713427092e+03 -1.651513178195688006e-02 -5.197231884124967061e-02 5.453321468162240782e-02 -2.482125011193822317e+01 -1.076285832907017692e+02
4.609218436873748033e+03 -1.721229644728928393e-02 -4.910624695509339249e-02 5.203543637756857104e-02 -2.522848808624419803e+01 -1.093161424154127985e+02
4.629258517034068063e+03 -1.750681530699369631e-02 -4.627144191360200304e-02 4.947256733743492230e-02 -2.566718313983144384e+01 -1.107241530541213734e+02
4.649298597194389004e+03 -1.735290847813024048e-02 -4.372264153746320547e-02 4.704033179797807718e-02 -2.610506457846174655e+01 -1.116474397072602898e+02
4.669338677354709944e+03 -1.683565963013850669e-02 -4.141696994943309951e-02 4.470799520191125892e-02 -2.654676819276807720e+01 -1.121213400358368375e+02
4.689378757515029974e+03 -1.596741800169100903e-02 -3.942232884262127091e-02 4.253326285410626018e-02 -2.697989810530343036e+01 -1.120496640226407266e+02
4.709418837675350915e+03 -1.490119821910906341e-02 -3.778723037757714120e-02 4.061921328599641529e-02 -2.737984195131368281e+01 -1.115215396800850129e+02
4.729458917835671855e+03 -1.393544131184108921e-02 -3.648707251373405763e-02 3.905768791388264383e-02 -2.772034148749925464e+01 -1.109032659876007898e+02
4.749498997995991886e+03 -1.278214195771314871e-02 -3.537958759022331173e-02 3.761779327766867631e-02 -2.804660579528068709e+01 -1.098640672678058650e+02
4.769539078156312826e+03 -1.162805069553009621e-02 -3.458093927896008918e-02 3.648359801873909264e-02 -2.831251886647081406e+01 -1.085855308059949209e+02
4.789579158316633766e+03 -1.049092278199721152e-02 -3.407411757071064640e-02 3.565255880074304218e-02 -2.851265800930468330e+01 -1.071128341392586094e+02
4.809619238476953797e+03 -9.479452206322925081e-03 -3.366895667230790368e-02 3.497797389120340522e-02 -2.867857912090815731e+01 -1.057244982459917111e+02
4.829659318637274737e+03 -8.481857971471757837e-03 -3.336468089606344639e-02 3.442591822950202829e-02 -2.881676144865741307e+01 -1.042634025181440762e+02
4.849699398797595677e+03 -7.561340419217438269e-03 -3.332659400831117918e-02 3.417361170742849730e-02 -2.888065449543464425e+01 -1.027831993634324022e+02
4.869739478957915708e+03 -6.728001907600419246e-03 -3.322146944210072061e-02 3.389590007008379258e-02 -2.895152869311392152e+01 -1.014486803302834801e+02
4.889779559118236648e+03 -5.905972799725616243e-03 -3.340052845981907742e-02 3.391866471585051890e-02 -2.894569716683838578e+01 -1.000275457984696885e+02
4.909819639278557588e+03 -5.192088810496695885e-03 -3.348215281965347123e-02 3.388233084743011436e-02 -2.895500652870872571e+01 -9.881466855697850349e+01
4.929859719438877619e+03 -4.478905321612271576e-03 -3.369390756436899115e-02 3.399029272948688590e-02 -2.892737400961243210e+01 -9.757189339927954563e+01
4.949899799599198559e+03 -3.890051868023223450e-03 -3.389894247796862436e-02 3.412141270024640627e-02 -2.889393203381523634e+01 -9.654630627874824711e+01
4.969939879759519499e+03 -3.275878368748355932e-03 -3.439966531689820500e-02 3.455529413854616094e-02 -2.878418022409402610e+01 -9.543986947280130551e+01
4.989979959919839530e+03 -2.730829929501191015e-03 -3.463969256550852166e-02 3.474716870677099778e-02 -2.873608364818714733e+01 -9.450760609814057034e+01
5.010020040080160470e+03 -2.455763133124804713e-03 -3.513279955023026341e-02 3.521852320587385426e-02 -2.861904928495567546e+01 -9.399843952448051709e+01
5.030060120240481410e+03 -1.964477787289466756e-03 -3.551050939057958516e-02 3.556480634215789666e-02 -2.853406314146463529e+01 -9.316643369692245358e+01
5.050100200400801441e+03 -1.758880610598801547e-03 -3.603853073783070543e-02 3.608142678365018619e-02 -2.840879805165240413e+01 -9.279413538383079185e+01
5.070140280561122381e+03 -1.560783009127125970e-03 -3.641858915981539130e-02 3.645201887403499291e-02 -2.832004037638846228e+01 -9.245401020887426569e+01
5.090180360721443321e+03 -1.515841874950759390e-03 -3.694438047460202323e-02 3.697546517952152861e-02 -2.819619917660201835e+01 -9.234954956766931389e+01
5.110220440881763352e+03 -1.282698974787510994e-03 -3.724836356125774128e-02 3.727044277509396902e-02 -2.812718106119772443e+01 -9.197228012886547788e+01
5.130260521042084292e+03 -1.244641756102005331e-03 -3.762771703056300154e-02 3.764829640280093620e-02 -2.803956552537574254e+01 -9.189452705641990349e+01
5.150300601202405232e+03 -1.172800890321278608e-03 -3.802603921400792009e-02 3.804412070522338041e-02 -2.794872108735830807e+01 -9.176655913337795312e+01
5.170340681362725263e+03 -1.115801619168045860e-03 -3.843197391453478939e-02 3.844816812568344067e-02 -2.785695905494451097e+01 -9.166301033230242012e+01
5.190380761523046203e+03 -1.069044907508568841e-03 -3.881980251343367799e-02 3.883451974978269217e-02 -2.777011333005573235e+01 -9.157744966248932883e+01
5.210420841683367144e+03 -1.191039002975126729e-03 -3.911205240279388290e-02 3.913018294188646412e-02 -2.770423453929615221e+01 -9.174423027388716889e+01
5.230460921843687174e+03 -1.088590821450921347e-03 -3.947996192034990831e-02 3.949496706175137373e-02 -2.762363698644908538e+01 -9.157943060563263771e+01
5.250501002004008114e+03 -1.242184159626041678e-03 -4.002604517887591029e-02 4.004531575787411563e-02 -2.750343765716435129e+01 -9.177756941124522427e+01
5.270541082164329055e+03 -1.206847634419876700e-03 -4.005484638040036210e-02 4.007302334202120925e-02 -2.749742991835354999e+01 -9.172579274215804901e+01
5.290581162324649085e+03 -1.261502466994875345e-03 -4.034949515768134626e-02 4.036921039547323314e-02 -2.743346700820357853e+01 -9.179073445160317135e+01
5.310621242484970026e+03 -1.271915918893193505e-03 -4.064379373624778941e-02 4.066369067582761149e-02 -2.737033624422915068e+01 -9.179244188760337408e+01
5.330661322645290966e+03 -1.298839663424453160e-03 -4.099806242528438588e-02 4.101863121922524197e-02 -2.729484882611278351e+01 -9.181455280774333971e+01
5.350701402805610996e+03 -1.291668900301862514e-03 -4.126461137643891441e-02 4.128482239996363046e-02 -2.723866369222574235e+01 -9.179289267432888266e+01
5.370741482965931937e+03 -1.408278768341511729e-03 -4.148339218753246960e-02 4.150728943780829239e-02 -2.719198463677983213e+01 -9.194433121381889862e+01
5.390781563126252877e+03 -1.390434241268173696e-03 -4.183103901315637918e-02 4.185414116069641893e-02 -2.711970341151499753e+01 -9.190377039021220185e+01
5.410821643286572908e+03 -1.397346628704775788e-03 -4.217006659119040823e-02 4.219321146708538556e-02 -2.704962046073514159e+01 -9.189785759333408066e+01
5.430861723446893848e+03 -1.443627878873564264e-03 -4.269263928703318639e-02 4.271704005131196635e-02 -2.694244906708884812e+01 -9.193668703079666216e+01
5.450901803607214788e+03 -1.434414173774895473e-03 -4.305782693678977813e-02 4.308171311055847275e-02 -2.686861281879658137e+01 -9.190802697197696602e+01
5.470941883767534819e+03 -1.603270896561421414e-03 -4.362816079233561295e-02 4.365760977984996932e-02 -2.675327301099326860e+01 -9.210458878802471361e+01
5.490981963927855759e+03 -1.710545093230956756e-03 -4.398622474580512337e-02 4.401947219020754115e-02 -2.668157548784318323e+01 -9.222700754107454202e+01
5.511022044088176699e+03 -1.885131558885409699e-03 -4.467497090359469347e-02 4.471472627928452931e-02 -2.654546057442787088e+01 -9.241625327325203898e+01
5.531062124248496730e+03 -2.241515245757756073e-03 -4.528662544399341544e-02 4.534206473796177639e-02 -2.642444625230201183e+01 -9.283361008714115314e+01
5.551102204408817670e+03 -2.802795295343261418e-03 -4.582918767953733652e-02 4.591481356636281652e-02 -2.631541560104474087e+01 -9.349970368200938253e+01
5.571142284569138610e+03 -3.293240183645007417e-03 -4.636539319172868628e-02 4.648220215018621093e-02 -2.620873820392365161e+01 -9.406278039643699174e+01
5.591182364729458641e+03 -4.024319579605552082e-03 -4.686616042625590256e-02 4.703862392947259080e-02 -2.610537993819851010e+01 -9.490785484370593394e+01
5.611222444889779581e+03 -4.853917809618981359e-03 -4.717126964893759988e-02 4.742034582745383031e-02 -2.603517776818146956e+01 -9.587505108146005739e+01
5.631262525050100521e+03 -5.606405449582760846e-03 -4.744826660882783126e-02 4.777834013700682503e-02 -2.596985094796454518e+01 -9.673872588754586843e+01
5.651302605210420552e+03 -6.352108997674213615e-03 -4.736962891758970257e-02 4.779362962266503478e-02 -2.596707183215230330e+01 -9.763761049275902337e+01
5.671342685370741492e+03 -6.719600150090804420e-03 -4.753728373651119193e-02 4.800985702147708006e-02 -2.592786385386958159e+01 -9.804570104303844857e+01
5.691382765531062432e+03 -7.477742769938265817e-03 -4.732965384702910588e-02 4.791672745725610028e-02 -2.594472911338868570e+01 -9.897810638447555220e+01
5.711422845691382463e+03 -7.897297079110516052e-03 -4.758118888008421032e-02 4.823211416056710082e-02 -2.588774612997882230e+01 -9.942377022297752376e+01
5.731462925851703403e+03 -8.263700690459695186e-03 -4.797422626576938048e-02 4.868074706596788731e-02 -2.580732741792867557e+01 -9.977345568313015178e+01
5.751503006012024343e+03 -8.954140658080889451e-03 -4.862740389507284877e-02 4.944492941140923858e-02 -2.567203688137204409e+01 -1.004334422792458241e+02
5.771543086172345284e+03 -9.902754921779740802e-03 -4.946567194137314882e-02 5.044717292031718897e-02 -2.549773544139796400e+01 -1.013206468846947814e+02
5.791583166332665314e+03 -1.153892106813421067e-02 -5.088178782460310579e-02 5.217377724148943019e-02 -2.520542651345991558e+01 -1.027773642375198619e+02
5.811623246492986254e+03 -1.386696338563885716e-02 -5.208917281674300265e-02 5.390338206709451713e-02 -2.492215180501188598e+01 -1.049072993955346647e+02
5.831663326653307195e+03 -1.782761679460443532e-02 -5.382692883943707846e-02 5.670240020370465039e-02 -2.448244324779118486e+01 -1.083250029488479527e+02
5.851703406813627225e+03 -2.427445182362039655e-02 -5.498935016278378579e-02 6.010888156223269385e-02 -2.397569916206578355e+01 -1.138185404723243579e+02
5.871743486973948166e+03 -3.553112487207536058e-02 -5.379278407057481309e-02 6.446801108098884625e-02 -2.336758666801230788e+01 -1.234454968456097532e+02
5.891783567134269106e+03 -5.455620685853843077e-02 -4.168188165073552498e-02 6.865682023468286377e-02 -2.282079839211782968e+01 -1.426195493628988800e+02
5.911823647294589136e+03 -5.624395501564866118e-02 3.710407136232799549e-03 5.636620970864475444e-02 -2.453409546399957009e+01 1.762256731070273759e+02
5.931863727454910077e+03 -5.943261979160537403e-03 1.548049820324275301e-02 1.658216474328780971e-02 -3.516164759512727755e+01 1.110027595623817120e+02
5.951903807615231017e+03 1.135390153554633776e-02 -8.721488739468052226e-03 1.431696357163590554e-02 -3.643745370711216225e+01 -3.752963404523686819e+01
5.971943887775551048e+03 1.152983473736187911e-02 -2.216451090579367803e-02 2.498404756567525198e-02 -3.160121614475820095e+01 -6.251684162727192984e+01
5.991983967935871988e+03 9.249720120740776222e-03 -2.933341991131495005e-02 3.075722428967811103e-02 -2.979552931288289486e+01 -7.249835067485622631e+01
6.012024048096192928e+03 7.302035299175271485e-03 -3.313530201085140153e-02 3.393033979878089246e-02 -2.894270792672867998e+01 -7.757234778579022816e+01
6.032064128256512959e+03 5.365842868212942519e-03 -3.542057630983804634e-02 3.582470510426306182e-02 -2.847081962312952541e+01 -8.138579255724798145e+01
6.052104208416833899e+03 4.116818622848273344e-03 -3.695675661574519821e-02 3.718534731757734690e-02 -2.814703526121606814e+01 -8.364370975245211071e+01
6.072144288577154839e+03 2.886738274388022090e-03 -3.788265770635493995e-02 3.799248626717749433e-02 -2.796051780257712238e+01 -8.564236253715914415e+01
6.092184368737474870e+03 2.245096516253917030e-03 -3.869525169070654746e-02 3.876032716289199570e-02 -2.778672342321838329e+01 -8.667942450937972865e+01
6.112224448897795810e+03 1.525972224788703065e-03 -3.913433707553985730e-02 3.916407702950243375e-02 -2.769671418408968577e+01 -8.776698667606262916e+01
6.132264529058116750e+03 1.163132316380718597e-03 -3.954900871806064921e-02 3.956610882266092116e-02 -2.760800528288865507e+01 -8.831542253827406341e+01
6.152304609218436781e+03 7.232416475744777749e-04 -3.970331043399099452e-02 3.970989722850771370e-02 -2.757649684405092216e+01 -8.895640663402723192e+01
6.172344689378757721e+03 1.854445204515412068e-04 -3.987884684866963708e-02 3.987927802317656201e-02 -2.753952636142427579e+01 -8.973356522044235817e+01
6.192384769539078661e+03 4.573477445511532586e-05 -4.018351459669491227e-02 4.018354062315051406e-02 -2.747350809897007551e+01 -8.993478896885734741e+01
6.212424849699398692e+03 -7.300423333928117312e-05 -4.037427933988436968e-02 4.037434534247087009e-02 -2.743236223686743358e+01 -9.010360135132268056e+01
6.232464929859719632e+03 -1.822044377645523562e-04 -4.041706334182403743e-02 4.041747403826911195e-02 -2.742308874530868934e+01 -9.025829374301594044e+01
6.252505010020040572e+03 -2.127004934244793282e-04 -4.048911850830418102e-02 4.048967719159295847e-02 -2.740758581934360905e+01 -9.030098774480794077e+01
6.272545090180360603e+03 -2.814351797016936482e-04 -4.062669040585708408e-02 4.062766519372893598e-02 -2.737803480894872621e+01 -9.039690139444678607e+01
6.292585170340681543e+03 -2.560080925339948497e-04 -4.097939626272496111e-02 4.098019592682396878e-02 -2.730299149702828743e+01 -9.035793578584092245e+01
6.312625250501002483e+03 -4.013316319135161393e-04 -4.084989089511608523e-02 4.085186229808455971e-02 -2.733023491908312863e+01 -9.056288691123684487e+01
6.332665330661322514e+03 -3.893621861545347430e-04 -4.096854100757321010e-02 4.097039120146663688e-02 -2.730506989001547424e+01 -9.054451873992854871e+01
6.352705410821643454e+03 -4.071244204597764525e-04 -4.100506391022004649e-02 4.100708495583373081e-02 -2.729729414630966389e+01 -9.056885034085208019e+01
6.372745490981964394e+03 -3.501530473431003804e-04 -4.107022749408609230e-02 4.107172011947575474e-02 -2.728361426844921667e+01 -9.048847564152853806e+01
6.392785571142284425e+03 -2.695421936301539592e-04 -4.112765439266482387e-02 4.112853764524857653e-02 -2.727160674315950217e+01 -9.037549938640353275e+01
6.412825651302605365e+03 -2.476284397346823233e-04 -4.120082673092505254e-02 4.120157088213838997e-02 -2.725619661402749827e+01 -9.034435944064840385e+01
6.432865731462926306e+03 -2.552388089808718457e-04 -4.125006360987306525e-02 4.125085325988038509e-02 -2.724581338152467680e+01 -9.035451872342552804e+01
6.452905811623246336e+03 -1.625169223844493110e-04 -4.125047130859344630e-02 4.125079144611837334e-02 -2.724582639720495436e+01 -9.022573040453094961e+01
6.472945891783567276e+03 1.182056907412777581e-04 -4.126369689615604769e-02 4.126386620426111124e-02 -2.724307377335710711e+01 -8.983586859206778286e+01
6.492985971943888217e+03 3.742510034629262401e-05 -4.130007219128013080e-02 4.130008914812517001e-02 -2.723545232373995262e+01 -8.994808000090576172e+01
6.513026052104208247e+03 2.138702497450278915e-04 -4.143586618180335884e-02 4.143641812126189899e-02 -2.720682797093864735e+01 -8.970427180636110620e+01
6.533066132264529188e+03 2.242672821826081442e-04 -4.137654669026358950e-02 4.137715446747661924e-02 -2.721925969265065959e+01 -8.968945105500301906e+01
6.553106212424850128e+03 4.217480435168257237e-04 -4.157580031929686282e-02 4.157793938619680496e-02 -2.717721287021607779e+01 -8.941880724073941167e+01
6.573146292585170158e+03 6.447941534248804053e-04 -4.161072704488770480e-02 4.161572256617011162e-02 -2.716932331357714148e+01 -8.911222346551274143e+01
6.593186372745491099e+03 6.898372147120577060e-04 -4.159712345373001857e-02 4.160284311207176899e-02 -2.717201188473619311e+01 -8.904990694345711688e+01
6.613226452905812039e+03 8.023606274373266045e-04 -4.170691482884905654e-02 4.171463205060462615e-02 -2.714870376207355207e+01 -8.889787562571436297e+01
6.633266533066132070e+03 8.419361353801482241e-04 -4.175767720449170134e-02 4.176616408015685483e-02 -2.713798029993340322e+01 -8.884493450820804128e+01
6.653306613226453010e+03 1.066745126879597777e-03 -4.184809454134760798e-02 4.186168847415604882e-02 -2.711813727683681918e+01 -8.853979587072126378e+01
6.673346693386773950e+03 1.010350129508500198e-03 -4.184130767844215087e-02 4.185350446051393225e-02 -2.711983554538345942e+01 -8.861673656974762991e+01
6.693386773547093981e+03 9.268704869349839734e-04 -4.191247930996900434e-02 4.192272666237407963e-02 -2.710548167592348534e+01 -8.873314312629365475e+01
6.713426853707414921e+03 1.063300451462374525e-03 -4.193823881319364705e-02 4.195171608650285350e-02 -2.709947748822511571e+01 -8.854763621893785341e+01
6.733466933867735861e+03 9.562350245791135335e-04 -4.187714435814926528e-02 4.188806041123777080e-02 -2.711266708150720461e+01 -8.869191864290407068e+01
6.753507014028055892e+03 9.796262546979946171e-04 -4.163662848398597821e-02 4.164815120881557031e-02 -2.716255755520914761e+01 -8.865219403119358788e+01
6.773547094188376832e+03 6.911406668547147043e-04 -4.143800943846852325e-02 4.144377277280612837e-02 -2.720528642787225237e+01 -8.904445767526904376e+01
6.793587174348697772e+03 6.423629841421645177e-04 -4.105115807071536144e-02 4.105618356776790517e-02 -2.728690057600223184e+01 -8.910351653566111452e+01
6.813627254509017803e+03 5.972220499740299145e-04 -4.042501396505453204e-02 4.042942527728818347e-02 -2.742052075210690276e+01 -8.915359797347541360e+01
6.833667334669338743e+03 7.148993398642525861e-04 -3.967407884535546769e-02 3.968051931733782706e-02 -2.758292515912893350e+01 -8.896768157560487111e+01
6.853707414829659683e+03 9.105744046296849418e-04 -3.873231333230194029e-02 3.874301539397755068e-02 -2.779060372339049323e+01 -8.865325725982432914e+01
6.873747494989979714e+03 1.502418309268371052e-03 -3.767539341727581953e-02 3.770533821519884976e-02 -2.802641529090084305e+01 -8.771637047319917713e+01
6.893787575150300654e+03 2.187135887963158071e-03 -3.671956034834722438e-02 3.678463912516106299e-02 -2.824114211050508061e+01 -8.659130517867723142e+01
6.913827655310621594e+03 3.097174534959076450e-03 -3.564064029727841143e-02 3.577495955133960098e-02 -2.848288907776398204e+01 -8.503346882492981251e+01
6.933867735470941625e+03 4.135472864075615158e-03 -3.447841499605800580e-02 3.472554155733072190e-02 -2.874149155694954771e+01 -8.316039969010077471e+01
6.953907815631262565e+03 5.584487344305695891e-03 -3.328856015914356120e-02 3.375373662822578336e-02 -2.898803495817409370e+01 -8.047674082272604323e+01
6.973947895791583505e+03 7.265331780691499167e-03 -3.186980084667257601e-02 3.268744792561967261e-02 -2.926685181903159716e+01 -7.715779676004073906e+01
6.993987975951903536e+03 9.525229020063192067e-03 -3.047986387903563188e-02 3.193355742740221909e-02 -2.946952606506524575e+01 -7.264551030850317659e+01
7.014028056112224476e+03 1.215924738262003091e-02 -2.901804654502622774e-02 3.146258606982364064e-02 -2.959858377328292178e+01 -6.726516398347064296e+01
7.034068136272545416e+03 1.583787546967760362e-02 -2.776750501243806929e-02 3.196674262430861113e-02 -2.946050441779203410e+01 -6.030066909441860901e+01
7.054108216432865447e+03 2.035187414914291920e-02 -2.675883309291550438e-02 3.361895194495304051e-02 -2.902278869801982353e+01 -5.274459442993948954e+01
7.074148296593186387e+03 2.591522363838558510e-02 -2.631219024252592908e-02 3.693142525798883552e-02 -2.820655074033614085e+01 -4.543548150976518230e+01
7.094188376753507328e+03 3.299037464956271204e-02 -2.738062340667516900e-02 4.287264113227313295e-02 -2.691086733230299899e+01 -3.969124626282437873e+01
7.114228456913828268e+03 4.121514891958671933e-02 -3.062264412349880588e-02 5.134622511517440008e-02 -2.534430169508041786e+01 -3.661215945742394240e+01
7.134268537074148298e+03 4.955743554497784448e-02 -3.726587789384337018e-02 6.200552453607240805e-02 -2.370586439044302551e+01 -3.694219571324288154e+01
7.154308617234469239e+03 5.615255599910048967e-02 -4.795052199611727489e-02 7.384011176137428301e-02 -2.218862519880245188e+01 -4.049510773395062557e+01
7.174348697394790179e+03 5.855237687984279904e-02 -6.156551493611467363e-02 8.496289465188970602e-02 -2.096988610119680274e+01 -4.643695409200127955e+01
7.194388777555110210e+03 5.529500434533090453e-02 -7.557050428494510586e-02 9.363994138951108048e-02 -2.012524944189775056e+01 -5.380703297513182548e+01
7.214428857715431150e+03 4.727848436463200771e-02 -8.659567230155881812e-02 9.866136804836893315e-02 -1.967152944300751471e+01 -6.136686280385572445e+01
7.234468937875752090e+03 3.688509814344100718e-02 -9.353447197223603571e-02 1.005445568500666492e-01 -1.950730081974565877e+01 -6.847832011405719754e+01
7.254509018036072121e+03 2.651868757052349215e-02 -9.624740708730017413e-02 9.983388283289153231e-02 -1.956891285718897677e+01 -7.459572030499809614e+01
7.274549098196393061e+03 1.740493300701662777e-02 -9.610890203755283190e-02 9.767216975086949471e-02 -1.975905539545522416e+01 -7.973521521394403067e+01
7.294589178356714001e+03 9.946896408700479919e-03 -9.421275363714806672e-02 9.473639055853549928e-02 -2.002413542265264113e+01 -8.397309166170958861e+01
7.314629258517034032e+03 4.157763651809078150e-03 -9.139524952288480275e-02 9.148977338443176066e-02 -2.032702106836616451e+01 -8.739528938151050852e+01
7.334669338677354972e+03 -1.436552584807445862e-04 -8.785030354994471935e-02 8.785042100440225432e-02 -2.067959516377774065e+01 -9.009369156789311717e+01
7.354709418837675912e+03 -3.091067168055285693e-03 -8.432445215569900343e-02 8.438108749948770859e-02 -2.102956974080114350e+01 -9.209934171574909101e+01
7.374749498997995943e+03 -5.128413433063198218e-03 -8.098458201508342003e-02 8.114679998926757620e-02 -2.136904414240994399e+01 -9.362346268410610151e+01
7.394789579158316883e+03 -6.164876823219349149e-03 -7.795274850146853562e-02 7.819614252109033381e-02 -2.169076551596755564e+01 -9.452181333689895837e+01
7.414829659318637823e+03 -6.666325110532111096e-03 -7.536547999334243519e-02 7.565973476761737870e-02 -2.197717581579976098e+01 -9.505484492676765740e+01
7.434869739478957854e+03 -6.881249944958300717e-03 -7.334077274509685773e-02 7.366288446465377171e-02 -2.220949768980701933e+01 -9.536012498195850640e+01
7.454909819639278794e+03 -6.655759432349506698e-03 -7.155863912822975348e-02 7.186750286120650866e-02 -2.242382100701113501e+01 -9.531386444918298650e+01
7.474949899799599734e+03 -6.510242676105042030e-03 -7.029191728185127386e-02 7.059275384103103068e-02 -2.257926962252093261e+01 -9.529148082708879031e+01
7.494989979959919765e+03 -6.149182438519239582e-03 -6.938989447862141391e-02 6.966182527336194086e-02 -2.269457511339182076e+01 -9.506419917371712813e+01
7.515030060120240705e+03 -5.912799806881867577e-03 -6.847571393461869549e-02 6.873052160730336313e-02 -2.281147930869164497e+01 -9.493518372955196583e+01
7.535070140280561645e+03 -5.563245242602122935e-03 -6.773573934405996422e-02 6.796381450533635349e-02 -2.290891718796728327e+01 -9.469525602903559047e+01
7.555110220440881676e+03 -5.437064269943041143e-03 -6.732452352900873682e-02 6.754371278130587297e-02 -2.296277351573341008e+01 -9.461713219074064796e+01
7.575150300601202616e+03 -5.102927139598369480e-03 -6.701430761610187303e-02 6.720831266039625773e-02 -2.300601226396516097e+01 -9.435448873061163511e+01
7.595190380761523556e+03 -5.055335100650847242e-03 -6.663083894837545929e-02 6.682233991670916140e-02 -2.305603852076363580e+01 -9.433876421847266158e+01
7.615230460921843587e+03 -4.938263711169478369e-03 -6.644994980573831755e-02 6.663319201168585448e-02 -2.308065973960179207e+01 -9.425015387033818115e+01
7.635270541082164527e+03 -4.832321294960789833e-03 -6.624523915897001514e-02 6.642125443204806301e-02 -2.310833063723788072e+01 -9.417210493575002772e+01
7.655310621242485468e+03 -4.653337907785918062e-03 -6.619846769296475197e-02 6.636181642014131465e-02 -2.311610680995172729e+01 -9.402092062166289566e+01
7.675350701402805498e+03 -4.749201130192323705e-03 -6.600920947237336189e-02 6.617983564910602523e-02 -2.313995841979739154e+01 -9.411520022721165901e+01
7.695390781563126438e+03 -4.497821219547715882e-03 -6.594892185438744336e-02 6.610212318435100542e-02 -2.315016392289049207e+01 -9.390162124579131842e+01
7.715430861723447379e+03 -4.610582818337369444e-03 -6.586240369768298075e-02 6.602358438286513864e-02 -2.316049014107952075e+01 -9.400435868259864947e+01
7.735470941883767409e+03 -4.501356524744428225e-03 -6.579212115542935890e-02 6.594592797658968553e-02 -2.317071242712712831e+01 -9.391395548504218027e+01
7.755511022044088350e+03 -4.524630294368282325e-03 -6.578539929431155564e-02 6.594081467204300495e-02 -2.317138593832482130e+01 -9.393452949975889510e+01
7.775551102204409290e+03 -4.373346858834363179e-03 -6.583586512932715351e-02 6.598096164860460522e-02 -2.316609928697419463e+01 -9.380046227482574750e+01
7.795591182364729320e+03 -4.472670681742412294e-03 -6.578259909283851181e-02 6.593447600790072749e-02 -2.317222092321017968e+01 -9.388965098478679749e+01
7.815631262525050261e+03 -4.462193811836248983e-03 -6.590189885124307645e-02 6.605279286914265968e-02 -2.315664839893432259e+01 -9.387356421914125804e+01
7.835671342685371201e+03 -4.524038446815644571e-03 -6.593609465066321840e-02 6.609111514908402873e-02 -2.315161051094427336e+01 -9.392505349251341329e+01
7.855711422845691231e+03 -4.628249961141274287e-03 -6.598506232670411920e-02 6.614717792893232140e-02 -2.314424569797814613e+01 -9.401220500612548392e+01
7.875751503006012172e+03 -4.595093038741342346e-03 -6.589739517992287965e-02 6.605741117795649320e-02 -2.315604111623459005e+01 -9.398883677853193319e+01
7.895791583166333112e+03 -4.448268632899959017e-03 -6.632753803757211741e-02 6.647653267098110885e-02 -2.310110492308695029e+01 -9.383680663804808830e+01
7.915831663326653143e+03 -4.518004558666639803e-03 -6.630525131163664265e-02 6.645900026852213927e-02 -2.310339602630614664e+01 -9.389807848419118841e+01
7.935871743486974083e+03 -4.522804436505825469e-03 -6.653349100126193516e-02 6.668703910645515376e-02 -2.307364340091100985e+01 -9.388886179793246356e+01
7.955911823647295023e+03 -4.618051878813944112e-03 -6.658952531685313758e-02 6.674946655276910168e-02 -2.306551612050972011e+01 -9.396716909291551190e+01
7.975951903807615054e+03 -4.715505344374447405e-03 -6.681981392135684372e-02 6.698599497758900290e-02 -2.303479185466585477e+01 -9.403669750894158597e+01
7.995991983967935994e+03 -4.728196857492437781e-03 -6.693860112382742089e-02 6.710538105053923119e-02 -2.301932516980237153e+01 -9.404036718093756519e+01
8.016032064128256934e+03 -4.845566118015485341e-03 -6.716452493020286241e-02 6.733908909469969728e-02 -2.298912735918792549e+01 -9.412643893206727341e+01
8.036072144288576965e+03 -4.917352487648484795e-03 -6.731989169254001815e-02 6.749924572158641500e-02 -2.296849371012923413e+01 -9.417772597564312775e+01
8.056112224448897905e+03 -5.047115897539935191e-03 -6.760509793980043480e-02 6.779323451741486872e-02 -2.293074500081324274e+01 -9.426954464967867864e+01
8.076152304609218845e+03 -5.131308733632555970e-03 -6.767565939929763574e-02 6.786991383853081816e-02 -2.292092614875603829e+01 -9.433598825217612216e+01
8.096192384769538876e+03 -5.293050386731056565e-03 -6.799421154340602735e-02 6.819992071700614611e-02 -2.287879471006284859e+01 -9.445124755213745971e+01
8.116232464929859816e+03 -5.346825416817532241e-03 -6.814862597663130794e-02 6.835805559362197192e-02 -2.285867808652629307e+01 -9.448613946592786306e+01
8.136272545090180756e+03 -5.585462001143621028e-03 -6.841859565088752315e-02 6.864620613410375716e-02 -2.282214130361598592e+01 -9.466708341278901173e+01
8.156312625250500787e+03 -5.717147294489376141e-03 -6.868324804059072752e-02 6.892078303815328544e-02 -2.278746804563228423e+01 -9.475829258870324168e+01
8.176352705410821727e+03 -5.918504384366729196e-03 -6.902802695248017040e-02 6.928129039719234383e-02 -2.274215274523286467e+01 -9.490058909957218702e+01
8.196392785571142667e+03 -5.975289041601980489e-03 -6.920274664241024554e-02 6.946023482528913828e-02 -2.271974716171113684e+01 -9.493494605245824403e+01
8.216432865731463608e+03 -6.168884037359214159e-03 -6.980253718105647320e-02 7.007459830194645578e-02 -2.264325976828226672e+01 -9.505046276967415508e+01
8.236472945891784548e+03 -6.507592570206924623e-03 -7.016275246200234794e-02 7.046389567788620412e-02 -2.259513910615325116e+01 -9.529902098919468756e+01
8.256513026052103669e+03 -6.853074258146321825e-03 -7.057450539524942612e-02 7.090645554934865702e-02 -2.254075657508286312e+01 -9.554626676917396821e+01
8.276553106212424609e+03 -7.234179449657457406e-03 -7.094957288504309678e-02 7.131742595523123118e-02 -2.249055890803056812e+01 -9.582188795195858688e+01
8.296593186372745549e+03 -7.698018621391391515e-03 -7.159762050263770994e-02 7.201026838121779572e-02 -2.240658351511486757e+01 -9.613674153593605354e+01
8.316633266533066490e+03 -8.289574474909218796e-03 -7.206768176338181064e-02 7.254286870343040761e-02 -2.234257759110757391e+01 -9.656160176200720002e+01
8.336673346693387430e+03 -9.040267541081649372e-03 -7.266321579487204640e-02 7.322342089022115807e-02 -2.226147181343500847e+01 -9.709191341818434751e+01
8.356713426853708370e+03 -9.848811627582556086e-03 -7.323665230838768969e-02 7.389591552863576662e-02 -2.218206342242650564e+01 -9.765914420744381630e+01
8.376753507014027491e+03 -1.104806110062865263e-02 -7.419382184136399938e-02 7.501188474842693243e-02 -2.205187055214264191e+01 -9.846957126725892806e+01
8.396793587174348431e+03 -1.239729185455289151e-02 -7.492524382428936147e-02 7.594395965089109635e-02 -2.194460736329083872e+01 -9.939516057669455051e+01
8.416833667334669371e+03 -1.446395573142927708e-02 -7.571901028789389254e-02 7.708809593172558094e-02 -2.181472573031246398e+01 -1.008144425672659992e+02
8.436873747494990312e+03 -1.720199872304851649e-02 -7.644640687870613016e-02 7.835790888437776935e-02 -2.167281535414011984e+01 -1.026814943367743922e+02
8.456913827655311252e+03 -2.129815659251210400e-02 -7.684276195603889636e-02 7.973971118126542412e-02 -2.152097893964820230e+01 -1.054915337679136798e+02
8.476953907815632192e+03 -2.725919504239434146e-02 -7.577046930565159433e-02 8.052470262694540193e-02 -2.143588951236960582e+01 -1.097867094673504766e+02
8.496993987975951313e+03 -3.564156914919146962e-02 -7.096294144152183458e-02 7.941070777577451112e-02 -2.155689076897506240e+01 -1.166683691467653290e+02
8.517034068136272253e+03 -4.181184423290368324e-02 -5.676050221145682861e-02 7.049812004197981985e-02 -2.259092138758881063e+01 -1.263767072652560586e+02
8.537074148296593194e+03 -3.263224238659905713e-02 -3.892591363365368456e-02 5.079458628035489476e-02 -2.543812355846764461e+01 -1.299736647823813769e+02
8.557114228456914134e+03 -1.498242347348072503e-02 -3.633145139758653386e-02 3.929945767811432455e-02 -2.766674096036891228e+01 -1.124103517828741730e+02
8.577154308617235074e+03 -5.354362543577980034e-03 -4.270837607154012033e-02 4.304270652405784575e-02 -2.687648066696567639e+01 -9.714590643627107625e+01
8.597194388777556014e+03 -1.754518413362391024e-03 -4.894007035226042440e-02 4.897151029881585682e-02 -2.575560214535242309e+01 -9.205319415123915405e+01
8.617234468937875135e+03 -7.511043502686077893e-04 -5.340441662653741539e-02 5.340969830438829780e-02 -2.500206961028090902e+01 -9.080578114547409996e+01
8.637274549098196076e+03 -6.691556898979610785e-04 -5.663774461012827111e-02 5.664169739564164224e-02 -2.449174691605683307e+01 -9.067689865441455765e+01
8.657314629258517016e+03 -9.026150232348443365e-04 -5.891108930777756020e-02 5.891800367722171972e-02 -2.414951164197632494e+01 -9.087779712960924883e+01
8.677354709418837956e+03 -1.354384264885346439e-03 -6.075590101877984678e-02 6.077099526370079163e-02 -2.388054512640547244e+01 -9.127703894430837295e+01
8.697394789579158896e+03 -1.827671711418371809e-03 -6.210268466623077716e-02 6.212957288311272280e-02 -2.368850474545570606e+01 -9.168571872672663403e+01
8.717434869739479836e+03 -2.347989698398688686e-03 -6.314057023328073504e-02 6.318421214993222290e-02 -2.354230061377518979e+01 -9.212965989002270817e+01
8.737474949899798958e+03 -2.711457204640022392e-03 -6.401504821508409437e-02 6.407244648171422918e-02 -2.342104596581060960e+01 -9.242540233893815582e+01
8.757515030060119898e+03 -3.218037781389632666e-03 -6.477447774977626582e-02 6.485436558103634119e-02 -2.331568779916636913e+01 -9.284415282594805774e+01
8.777555110220440838e+03 -3.635305443574468522e-03 -6.522862786489597164e-02 6.532985028916847570e-02 -2.325223884666844754e+01 -9.318989403709686314e+01
8.797595190380761778e+03 -4.016956637933359262e-03 -6.577659092803278540e-02 6.589913394533195024e-02 -2.317687796419566126e+01 -9.349469584725551385e+01
8.817635270541082718e+03 -4.449391141765233690e-03 -6.607269510101525245e-02 6.622233852291947720e-02 -2.313438184545132970e+01 -9.385252978166697346e+01
8.837675350701403659e+03 -4.679955466005589551e-03 -6.637945716673447627e-02 6.654422827649392191e-02 -2.309226424881866890e+01 -9.403285513087820391e+01
8.857715430861722780e+03 -5.054673741802928957e-03 -6.662190840400208924e-02 6.681338493166856518e-02 -2.305720261085972567e+01 -9.433877807840325147e+01
8.877755511022043720e+03 -5.331064894410115357e-03 -6.690782682715371021e-02 6.711987443105656148e-02 -2.301744939905127652e+01 -9.455557446689545031e+01
8.897795591182364660e+03 -5.538877245810061752e-03 -6.712203380941754449e-02 6.735017879602654689e-02 -2.298769704594069907e+01 -9.471733143636234331e+01
8.917835671342685600e+03 -5.763523862711157283e-03 -6.730885118828562608e-02 6.755516009604907446e-02 -2.296130155507775328e+01 -9.489418597993153526e+01
8.937875751503006541e+03 -5.808084236810415711e-03 -6.743487694280253519e-02 6.768453642297334039e-02 -2.294468293097294165e+01 -9.492266765513031146e+01
8.957915831663327481e+03 -6.077266134041164891e-03 -6.770214464684083666e-02 6.797435952949995586e-02 -2.290756962070812364e+01 -9.512939378455300243e+01
8.977955911823646602e+03 -6.070255908402037714e-03 -6.783137701263852737e-02 6.810245013378150858e-02 -2.289121736812632690e+01 -9.511379895010809093e+01
8.997995991983967542e+03 -6.296238889190588356e-03 -6.812110147706708363e-02 6.841145438154802583e-02 -2.285189563914626376e+01 -9.528068216521054978e+01
9.018036072144288482e+03 -6.258765508421268095e-03 -6.839544950166177861e-02 6.868121765245407961e-02 -2.281771238209899266e+01 -9.522848959911605959e+01
9.038076152304609423e+03 -6.582340500574706578e-03 -6.881804117666939780e-02 6.913211987100692513e-02 -2.276087461946197621e+01 -9.546363264538098292e+01
9.058116232464930363e+03 -6.843871038287523828e-03 -6.899653846231149079e-02 6.933513460410918594e-02 -2.273540484558898811e+01 -9.566472522234465714e+01
9.078156312625251303e+03 -7.173907676129034038e-03 -6.923972742277111070e-02 6.961037857191457179e-02 -2.270099219273718916e+01 -9.591529219179571442e+01
9.098196392785572243e+03 -7.370347674708152379e-03 -6.945200960014807912e-02 6.984199068143129296e-02 -2.267213991747392043e+01 -9.605763895847979938e+01
9.118236472945891364e+03 -7.790478381476370444e-03 -6.976405759517205485e-02 7.019768718095158178e-02 -2.262801603443356413e+01 -9.637176129565806093e+01
9.138276553106212305e+03 -8.228303136311634902e-03 -6.988200457967594370e-02 7.036476061621246836e-02 -2.260736781542096097e+01 -9.671540936121404286e+01
9.158316633266533245e+03 -8.613779988067608862e-03 -6.996423213014639486e-02 7.049248884274013360e-02 -2.259161522068221828e+01 -9.701875856202178738e+01
9.178356713426854185e+03 -9.026757231170077708e-03 -6.993611573698044204e-02 7.051625791607779581e-02 -2.258868695481912425e+01 -9.735458920754052770e+01
9.198396793587175125e+03 -9.420393943625995914e-03 -6.979079015179238954e-02 7.042370490157860707e-02 -2.260009472546268228e+01 -9.768734904060926283e+01
9.218436873747496065e+03 -9.729057172657547270e-03 -6.961086699698929015e-02 7.028746230688209806e-02 -2.261691483341603259e+01 -9.795631899595008463e+01
9.238476953907815187e+03 -1.004989707427457989e-02 -6.934400610796900843e-02 7.006847803617227699e-02 -2.264401842086066097e+01 -9.824635408834510031e+01
9.258517034068136127e+03 -9.746958785495628622e-03 -6.909557101518676303e-02 6.977966135974626727e-02 -2.267989495600012262e+01 -9.802944217070294997e+01
9.278557114228457067e+03 -9.315568307577546531e-03 -6.955241254421214159e-02 7.017348433427986198e-02 -2.263101128274461615e+01 -9.762856486542442269e+01
9.298597194388778007e+03 -9.946021621472345142e-03 -7.031438816913498924e-02 7.101434031021189308e-02 -2.252755096555519287e+01 -9.805111702984235933e+01
9.318637274549098947e+03 -1.066111771650236385e-02 -7.015395992092088306e-02 7.095940757610151584e-02 -2.253427248551101769e+01 -9.864097916607991579e+01
9.338677354709419888e+03 -1.111940322469496222e-02 -6.995394500994758791e-02 7.083216466075371864e-02 -2.254986182131122874e+01 -9.903178710910039229e+01
9.358717434869739009e+03 -1.131163411810383497e-02 -6.973974661627699301e-02 7.065115232269300605e-02 -2.257208711377521126e+01 -9.921301662405963384e+01
9.378757515030059949e+03 -1.150915917468135069e-02 -6.957342204470530478e-02 7.051894638973868479e-02 -2.258835580649866159e+01 -9.939306943351736834e+01
9.398797595190380889e+03 -1.174736807536460974e-02 -6.946651851668772526e-02 7.045280584566816773e-02 -2.259650622669904863e+01 -9.959838499556548186e+01
9.418837675350701829e+03 -1.197070192035059981e-02 -6.939614526889614776e-02 7.042103863652980633e-02 -2.260042358237818405e+01 -9.978709691739065590e+01
9.438877755511022769e+03 -1.230321179672805992e-02 -6.931058641014754829e-02 7.039407936065134042e-02 -2.260374943689145155e+01 -1.000656363370153485e+02
9.458917835671343710e+03 -1.266652823950946069e-02 -6.924564449876396965e-02 7.039460362621194345e-02 -2.260368474827154017e+01 -1.003660360158046672e+02
9.478957915831662831e+03 -1.303438592259127844e-02 -6.894208612071373032e-02 7.016342676248754628e-02 -2.263225627179392063e+01 -1.007061332030109781e+02
9.498997995991983771e+03 -1.327339037744570960e-02 -6.869557376343241040e-02 6.996616858739124201e-02 -2.265671026192404724e+01 -1.009359511428232992e+02
9.519038076152304711e+03 -1.361941461702454934e-02 -6.829662726765831082e-02 6.964135086748296510e-02 -2.269712837077010903e+01 -1.012777344196578042e+02
9.539078156312625651e+03 -1.378294339446842556e-02 -6.783651604502444199e-02 6.922255728981686895e-02 -2.274951931775575531e+01 -1.014849528834413803e+02
9.559118236472946592e+03 -1.398984799312385542e-02 -6.731935331545066403e-02 6.875762632378454309e-02 -2.280805459779664091e+01 -1.017397223552152781e+02
9.579158316633267532e+03 -1.393665966308260153e-02 -6.683771161983997899e-02 6.827525303608537877e-02 -2.286920573855744010e+01 -1.017782595832264150e+02
9.599198396793586653e+03 -1.379972906248926913e-02 -6.628693061383462981e-02 6.770812131791457966e-02 -2.294165683192037619e+01 -1.017599647430537289e+02
9.619238476953907593e+03 -1.368947416939592272e-02 -6.604723135570808590e-02 6.745100794494465757e-02 -2.297470322824063516e+01 -1.017097736557569334e+02
9.639278557114228533e+03 -1.344849839181174248e-02 -6.570773369631750793e-02 6.706987681888749997e-02 -2.302392193152887501e+01 -1.015670607794466065e+02
9.659318637274549474e+03 -1.316584139587885158e-02 -6.547860528992763274e-02 6.678912434203324033e-02 -2.306035711458257254e+01 -1.013689178415924630e+02
9.679358717434870414e+03 -1.303927343435559889e-02 -6.522123824309085383e-02 6.651189795561322782e-02 -2.309648528865518813e+01 -1.013057307152937341e+02
9.699398797595191354e+03 -1.277028670357151577e-02 -6.514135303420492962e-02 6.638129328070020707e-02 -2.311355791889582179e+01 -1.010915821131908814e+02
9.719438877755510475e+03 -1.257146364777677987e-02 -6.506128890835434497e-02 6.626471921515796060e-02 -2.312882486449924357e+01 -1.009361985793164820e+02
9.739478957915831415e+03 -1.247976588351772283e-02 -6.501990984720136535e-02 6.620674612942101245e-02 -2.313642722407948327e+01 -1.008650775259764742e+02
9.759519038076152356e+03 -1.238973524098645196e-02 -6.508576289502704393e-02 6.625452490939333361e-02 -2.313016122308727773e+01 -1.007778815815542970e+02
9.779559118236473296e+03 -1.240848636742199890e-02 -6.517208621916900646e-02 6.634283198725614283e-02 -2.311859197821049960e+01 -1.007798486797053812e+02
9.799599198396794236e+03 -1.232746546870418236e-02 -6.507923997503028968e-02 6.623649961018225618e-02 -2.313252463994776775e+01 -1.007260224311508381e+02
9.819639278557115176e+03 -1.246865785682109429e-02 -6.521184099217437746e-02 6.639315954478368365e-02 -2.311200537534055144e+01 -1.008244422360978092e+02
9.839679358717434297e+03 -1.247053886437108315e-02 -6.508856401141385750e-02 6.627243397247237211e-02 -2.312781368342161414e+01 -1.008460551001989529e+02
9.859719438877755238e+03 -1.261459196972520777e-02 -6.505462061777349259e-02 6.626636850080963592e-02 -2.312860868106032797e+01 -1.009739051537441838e+02
9.879759519038076178e+03 -1.273769564588931452e-02 -6.500536427856903887e-02 6.624157512738330922e-02 -2.313185909008416274e+01 -1.010865471668027027e+02
9.899799599198397118e+03 -1.298349274271447598e-02 -6.500645866832320541e-02 6.629035188016829672e-02 -2.312546561916302679e+01 -1.012948472756440452e+02
9.919839679358718058e+03 -1.327968988149256027e-02 -6.475027324980942023e-02 6.609801849733169810e-02 -2.315070329989881515e+01 -1.015901226322658175e+02
9.939879759519038998e+03 -1.353824737017930019e-02 -6.453523303532665567e-02 6.593997607506453529e-02 -2.317149640112633691e+01 -1.018477451948059525e+02
9.959919839679358120e+03 -1.390326620297466231e-02 -6.434216557474053966e-02 6.582716067063885956e-02 -2.318636964518322685e+01 -1.021931920361934658e+02
9.979959919839679060e+03 -1.421700992174645441e-02 -6.402494173344688844e-02 6.558442296068715816e-02 -2.321845806995242611e+01 -1.025196357592256504e+02
1.000000000000000000e+04 -1.459020619448471792e-02 -6.358229610661138287e-02 6.523482578336811666e-02 -2.326488196792989527e+01 -1.029239001657370949e+02
