f X Y R logR theta
0.000000000000000000e+00 -7.170859462873819916e-03 -8.781770088343933191e-19 7.170859462873819916e-03 -4.244304788331611888e+01 -1.800000000000000000e+02
2.004008016032064177e+01 -1.246359245669574579e-03 -1.252561272608044588e-05 1.246422183788540878e-03 -5.764116870660102876e+01 -1.794242104849401755e+02
4.008016032064128353e+01 -4.365421292660224693e-04 -2.349740222168758444e-04 4.957638770028425027e-04 -6.564897451675614093e+01 -1.517081097132245020e+02
6.012024048096192530e+01 -1.553744262555067012e-03 -2.699220984733842000e-04 1.577015907550416516e-03 -5.559775062313646998e+01 -1.701447271960582270e+02
8.016032064128256707e+01 -2.582671485390799961e-03 1.234096991390468698e-03 2.862374431413494767e-03 -5.041994322896908187e+01 1.544597851018122014e+02
1.002004008016032088e+02 -5.260859641075269801e-03 1.108941505767713741e-03 5.376466816256655901e-03 -4.494453271244073278e+01 1.680968248087684174e+02
1.202404809619238506e+02 -8.258336706873592448e-03 3.038744005560845961e-03 8.799664214924779806e-03 -4.066515010001808861e+01 1.597983640417331799e+02
1.402805611222444782e+02 -1.309432471334756251e-02 6.689469044632272675e-03 1.470409248466827794e-02 -3.620570759292483842e+01 1.529389734242995758e+02
1.603206412825651341e+02 -1.899002461119524837e-02 1.659139609226548823e-02 2.521696768099296673e-02 -3.152061486911513910e+01 1.388566103194996799e+02
1.803607214428857901e+02 -2.468934695812308872e-02 3.594395174578739194e-02 4.360655363958580721e-02 -2.676343681782769934e+01 1.244845731429672355e+02
2.004008016032064177e+02 -1.043430541778042620e-02 9.075703686332238507e-02 9.135488202478277142e-02 -2.033983688376942922e+01 9.655848057273396989e+01
2.204408817635270452e+02 1.266932782617640196e-01 9.786546788797385876e-02 1.600900888926132248e-01 -1.546718319037468881e+01 3.768464470757389506e+01
2.404809619238477012e+02 1.203874250363481668e-01 -4.137355402710923141e-02 1.272984802726115638e-01 -1.745800772683714897e+01 -1.896631169492577129e+01
2.605210420841683572e+02 6.077808979320177551e-02 -6.254457843003258244e-02 8.721124061668310279e-02 -2.074302281465252307e+01 -4.582065546825558044e+01
2.805611222444889563e+02 2.646585683460631055e-02 -6.093386485667960650e-02 6.643325571099140125e-02 -2.310676137497363669e+01 -6.652289066027431375e+01
3.006012024048096123e+02 8.151284938966583266e-03 -5.223035850582039702e-02 5.286259354026009993e-02 -2.509150277299880116e+01 -8.112973746556660615e+01
3.206412825651302683e+02 -4.557429924947892577e-03 -4.397761056213422837e-02 4.421312472869963484e-02 -2.664344791737391205e+01 -9.591648155665873787e+01
3.406813627254509242e+02 -1.023225518319155480e-02 -3.474262987338659625e-02 3.621808079748407849e-02 -2.837596344085203270e+01 -1.064105369315740006e+02
3.607214428857715802e+02 -1.408823194658119678e-02 -2.685892045561228889e-02 3.032952171435578798e-02 -2.991716087183790762e+01 -1.176782284559342173e+02
3.807615230460921794e+02 -1.445808986813325314e-02 -2.084198913304062886e-02 2.536582097344379505e-02 -3.146949364637967150e+01 -1.247490489112292806e+02
4.008016032064128353e+02 -1.424335569345965696e-02 -1.520623263739648984e-02 2.083513120748299585e-02 -3.317854731108075583e+01 -1.331273375255381382e+02
4.208416833667334913e+02 -1.256429023417996241e-02 -1.240884339789335815e-02 1.765901422962651290e-02 -3.461514297551291008e+01 -1.353566365664984232e+02
4.408817635270540904e+02 -1.123067409139335074e-02 -9.885887759904206720e-03 1.496191222232364469e-02 -3.605473005535289133e+01 -1.386439014598910831e+02
4.609218436873747464e+02 -9.736509725937755183e-03 -8.460516857690803319e-03 1.289883588323189646e-02 -3.734346176382570093e+01 -1.390110692573984750e+02
4.809619238476954024e+02 -8.368192069703263986e-03 -7.250791465690573263e-03 1.107251621784207871e-02 -3.866954560446597355e+01 -1.390920363071170982e+02
5.010020040080160584e+02 -7.368527634789882701e-03 -6.682126725685529067e-03 9.947161257503719239e-03 -3.960048893528793457e+01 -1.377967832280725418e+02
5.210420841683367144e+02 -6.508454636918529525e-03 -6.265759563305801395e-03 9.034363545152718222e-03 -4.043652085176529454e+01 -1.360884216041917227e+02
5.410821643286573135e+02 -5.561417480525522941e-03 -6.011529790550292594e-03 8.189496615505040267e-03 -4.128932795048843474e+01 -1.327726898012018069e+02
5.611222444889779126e+02 -4.938500002592318035e-03 -5.625635620166495772e-03 7.485757036298359285e-03 -4.206975756179663506e+01 -1.312784849319676255e+02
5.811623246492986254e+02 -4.464155493091428832e-03 -5.721983069085721449e-03 7.257394471117167324e-03 -4.233885751524031349e+01 -1.279605101074299824e+02
6.012024048096192246e+02 -4.171864245968760071e-03 -5.527816959163011669e-03 6.925403354376024299e-03 -4.274557064641665249e+01 -1.270419921678469564e+02
6.212424849699399374e+02 -3.526134532395108247e-03 -5.657894682316415291e-03 6.666738106205584435e-03 -4.307620420999665356e+01 -1.219321420809213663e+02
6.412825651302605365e+02 -3.285239812903022801e-03 -5.569133224301599412e-03 6.465914127043678218e-03 -4.334187345565972294e+01 -1.205364165534807910e+02
6.613226452905811357e+02 -2.784928624131722315e-03 -5.791940240248541309e-03 6.426694265959640752e-03 -4.339471930739753702e+01 -1.156795633840163333e+02
6.813627254509018485e+02 -2.568347691474905450e-03 -5.811142035363430977e-03 6.353407087498196340e-03 -4.349433844251576886e+01 -1.138439679856897726e+02
7.014028056112224476e+02 -2.404732960074541272e-03 -5.939088585681488904e-03 6.407457673511470636e-03 -4.342075718585341804e+01 -1.120429918580594233e+02
7.214428857715431604e+02 -2.003467304733309862e-03 -5.936515748826276875e-03 6.265468895238230501e-03 -4.361540054013316592e+01 -1.086486137251226438e+02
7.414829659318637596e+02 -2.051928955221484548e-03 -6.221696120375543385e-03 6.551329258369817561e-03 -4.322788356852044700e+01 -1.082526682693209921e+02
7.615230460921843587e+02 -1.787399970551860730e-03 -6.194563558791745667e-03 6.447279762709189413e-03 -4.336694179209391109e+01 -1.060951423443730022e+02
7.815631262525050715e+02 -1.661961021661683075e-03 -6.565083548573984185e-03 6.772181069439853554e-03 -4.293990087720649740e+01 -1.042060653117060838e+02
8.016032064128256707e+02 -1.444218163949075170e-03 -6.511036601897038714e-03 6.669285099343360418e-03 -4.307288644408824041e+01 -1.025063416854386844e+02
8.216432865731462698e+02 -1.249622094744519884e-03 -6.615680816005451229e-03 6.732665745374281918e-03 -4.299073103145716601e+01 -1.006964563491094111e+02
8.416833667334669826e+02 -1.126138395196061908e-03 -6.689223997081903371e-03 6.783355023015614181e-03 -4.292558115589106649e+01 -9.955620047449158960e+01
8.617234468937875818e+02 -1.009821914655422304e-03 -6.810333458657208579e-03 6.884793542105980060e-03 -4.279665367831461964e+01 -9.843424321885898109e+01
8.817635270541081809e+02 -1.031949327952127581e-03 -7.036754051043864547e-03 7.112019895243761741e-03 -4.251461284849529676e+01 -9.834303126043000987e+01
9.018036072144288937e+02 -9.358620864488707185e-04 -7.252726731149202952e-03 7.312857367785771320e-03 -4.227273004789687150e+01 -9.735258433995657867e+01
9.218436873747494928e+02 -7.696888602213796228e-04 -7.240234943090202192e-03 7.281031724466887831e-03 -4.231061363903454264e+01 -9.606816125100944248e+01
9.418837675350702057e+02 -7.654680219277207581e-04 -7.405496520013887113e-03 7.444952652672261195e-03 -4.211723330309581570e+01 -9.590141161970612416e+01
9.619238476953908048e+02 -5.287671205999936157e-04 -7.605309595023845501e-03 7.623668979171995333e-03 -4.191119148758919266e+01 -9.397714901891815487e+01
9.819639278557114039e+02 -5.765208800782452682e-04 -7.664453862004183202e-03 7.686106252710603153e-03 -4.184034442866717285e+01 -9.430169259790929459e+01
1.002004008016032117e+03 -2.983328553085959236e-04 -7.762884812360242720e-03 7.768615262872135933e-03 -4.174759983088591753e+01 -9.220083207203069264e+01
1.022044088176352716e+03 -2.033639924574472764e-04 -8.047734385582597932e-03 8.050303451070448327e-03 -4.143822708316101000e+01 -9.144754022981783237e+01
1.042084168336673429e+03 -2.223250127023612135e-04 -8.240974011379551684e-03 8.243972408220825651e-03 -4.123174151441824620e+01 -9.154535081386092088e+01
1.062124248496993914e+03 -1.538427528087640383e-04 -8.363822927794344747e-03 8.365237687005080622e-03 -4.110490639840236327e+01 -9.105377010477148758e+01
1.082164328657314627e+03 1.706719333074457109e-04 -8.336502958770652255e-03 8.338249845765640517e-03 -4.113297402369244082e+01 -8.882715622677041267e+01
1.102204408817635340e+03 -6.274092162906119360e-05 -8.594656875275712149e-03 8.594885876320342705e-03 -4.086966981658576259e+01 -9.041825127064529966e+01
1.122244488977955825e+03 1.763859308131181919e-04 -8.858575749784092929e-03 8.860331614067930989e-03 -4.060547257669345811e+01 -8.885931616571554059e+01
1.142284569138276538e+03 2.810792828463434573e-04 -9.072221722668747865e-03 9.076574934880893633e-03 -4.039603215627877830e+01 -8.822540640336222850e+01
1.162324649298597251e+03 3.180397174391694291e-04 -9.251277466469667171e-03 9.256742624891232604e-03 -4.022530833090699076e+01 -8.803106543489434443e+01
1.182364729458917964e+03 3.747366061388507797e-04 -9.432351805643212142e-03 9.439792800130797357e-03 -4.005522286970416701e+01 -8.772490035391224694e+01
1.202404809619238449e+03 4.265667649885227452e-04 -9.580551627090582237e-03 9.590043205551306363e-03 -3.991806083016294338e+01 -8.745063279045525917e+01
1.222444889779559162e+03 5.705284844282203531e-04 -9.813592786549656458e-03 9.830163077577270397e-03 -3.970325765329606327e+01 -8.667276587340262495e+01
1.242484969939879875e+03 4.565173870295463577e-04 -9.698127754689103708e-03 9.708866569838693616e-03 -3.981110145446790938e+01 -8.730492046679296436e+01
1.262525050100200360e+03 5.287027134416648301e-04 -9.950446047185748308e-03 9.964482078721156530e-03 -3.958537749752837698e+01 -8.695853078491680321e+01
1.282565130260521073e+03 6.138795690610245482e-04 -1.006945814262689282e-02 1.008815322105218598e-02 -3.947823871030487908e+01 -8.651130877927609220e+01
1.302605210420841786e+03 6.209715744702649790e-04 -1.023601182001568875e-02 1.025483026070158656e-02 -3.933590258048641886e+01 -8.652838428592893649e+01
1.322645290581162271e+03 7.159382946536223041e-04 -1.043155184175331186e-02 1.045609111804877284e-02 -3.916708492210577219e+01 -8.607383272193344226e+01
1.342685370741482984e+03 7.102983091694114754e-04 -1.054620255784043809e-02 1.057009517833255342e-02 -3.907289414725657650e+01 -8.614688550565175262e+01
1.362725450901803697e+03 7.933476046519328173e-04 -1.074830163308823985e-02 1.077754092628064458e-02 -3.890407849168320809e+01 -8.577857128496629002e+01
1.382765531062124182e+03 9.856848203879098585e-04 -1.094061731049456900e-02 1.098492975397824707e-02 -3.873852642467398510e+01 -8.485188857159040765e+01
1.402805611222444895e+03 1.029490779555601804e-03 -1.117403671707994581e-02 1.122136122847138331e-02 -3.855356124517171423e+01 -8.473606306476821715e+01
1.422845691382765608e+03 1.067546931889847353e-03 -1.135765869682616586e-02 1.140771964615972141e-02 -3.841049531568764053e+01 -8.463034110425438428e+01
1.442885771543086321e+03 1.223142345762100571e-03 -1.154330625289666859e-02 1.160792817199347328e-02 -3.825937786391560991e+01 -8.395144151875645377e+01
1.462925851703406806e+03 1.245717783321956479e-03 -1.170834544860985607e-02 1.177442847613707766e-02 -3.813567538752273123e+01 -8.392682203550282338e+01
1.482965931863727519e+03 1.309022677062231764e-03 -1.196671074304893681e-02 1.203809396777022998e-02 -3.794331752483056164e+01 -8.375731118447170331e+01
1.503006012024048232e+03 1.438157004352500368e-03 -1.231577569825918067e-02 1.239946073904021027e-02 -3.768641614955126329e+01 -8.333953258740589831e+01
1.523046092184368717e+03 1.584441383527263785e-03 -1.262890329007616830e-02 1.272790842235795201e-02 -3.745933126799024393e+01 -8.284894888689981940e+01
1.543086172344689430e+03 1.670730440754688000e-03 -1.275681200699063655e-02 1.286575270970823602e-02 -3.736576811278977317e+01 -8.253857045816786808e+01
1.563126252505010143e+03 1.778195411736046509e-03 -1.310925798471586703e-02 1.322930927267768758e-02 -3.712372871695615828e+01 -8.227530345885487861e+01
1.583166332665330629e+03 1.960326045471284806e-03 -1.353041123105527301e-02 1.367168264282124686e-02 -3.683803273245836607e+01 -8.175618062246621776e+01
1.603206412825651341e+03 2.094236865995517671e-03 -1.384733254798857852e-02 1.400480084633403711e-02 -3.662893335840549014e+01 -8.139990002722402096e+01
1.623246492985972054e+03 2.172530296157317194e-03 -1.417848216427202920e-02 1.434396194816137463e-02 -3.642108961669869416e+01 -8.128847980036481147e+01
1.643286573146292540e+03 2.390008470024834047e-03 -1.456806328748085078e-02 1.476281167104822982e-02 -3.617109051575015854e+01 -8.068316062569651592e+01
1.663326653306613252e+03 2.422590614331044875e-03 -1.505516001421308529e-02 1.524882908089028946e-02 -3.588974217406411071e+01 -8.085865214718296556e+01
1.683366733466933965e+03 2.512676061215171099e-03 -1.555104704322203199e-02 1.575273325899694335e-02 -3.560735372255047082e+01 -8.082170027141671653e+01
1.703406813627254451e+03 2.699289795025232395e-03 -1.594054263489473253e-02 1.616746934100770153e-02 -3.538163118476396107e+01 -8.038899719205333838e+01
1.723446893787575164e+03 2.724427028877508643e-03 -1.661929219323620213e-02 1.684112156715935824e-02 -3.502705188957243365e+01 -8.069021795875740111e+01
1.743486973947895876e+03 2.824968834156834935e-03 -1.716799084778854179e-02 1.739886084385149079e-02 -3.474405581302689683e+01 -8.065579465568384876e+01
1.763527054108216362e+03 2.778083770024529584e-03 -1.814145874049357191e-02 1.835293640446411523e-02 -3.428036091141959929e+01 -8.129367226706285976e+01
1.783567134268537075e+03 2.752734780521646184e-03 -1.893273128616731679e-02 1.913180239094352045e-02 -3.391935437635715545e+01 -8.172741764815052079e+01
1.803607214428857787e+03 2.720260754117505373e-03 -1.981326921959748397e-02 1.999913637481981130e-02 -3.353424726824570001e+01 -8.218245729784190701e+01
1.823647294589178500e+03 2.497057275867679404e-03 -2.063641129697165247e-02 2.078693739483387579e-02 -3.319866194444913532e+01 -8.310060990620036137e+01
1.843687374749498986e+03 2.192067880109903159e-03 -2.173457763590429595e-02 2.184483981635389552e-02 -3.276749481644556994e+01 -8.424083751988415258e+01
1.863727454909819699e+03 1.484520621247564917e-03 -2.300377158421591794e-02 2.305162268851563764e-02 -3.230044205801977597e+01 -8.630760616972946764e+01
1.883767535070140411e+03 7.460322154937941300e-04 -2.446329768576149463e-02 2.447467053360960140e-02 -3.178013502080737140e+01 -8.825325046504976001e+01
1.903807615230460897e+03 -4.107075141765149061e-04 -2.566653946323565680e-02 2.566982525612580834e-02 -3.136601386016936743e+01 -9.091674995968570272e+01
1.923847695390781610e+03 -2.017511385464708807e-03 -2.684559017940430642e-02 2.692129388181423860e-02 -3.095255352651498981e+01 -9.429783807736085066e+01
1.943887775551102322e+03 -4.302321362458133396e-03 -2.793796061813280315e-02 2.826728873815461882e-02 -3.052878900462896183e+01 -9.875452343166564617e+01
1.963927855711422808e+03 -7.051989301288094994e-03 -2.811776692974335412e-02 2.898860759368843479e-02 -3.030992499695264186e+01 -1.040794779808488926e+02
1.983967935871743521e+03 -9.664170705043254386e-03 -2.793302980828068008e-02 2.955757685749143410e-02 -3.014109555499880244e+01 -1.090844154112249669e+02
2.004008016032064234e+03 -1.203464782497485480e-02 -2.615337242716094315e-02 2.878943621512853462e-02 -3.036980890273152411e+01 -1.147098369097793267e+02
2.024048096192384719e+03 -1.314801553725513175e-02 -2.399127373600574986e-02 2.735784216717140199e-02 -3.081283531195524006e+01 -1.187242060411462603e+02
2.044088176352705432e+03 -1.373927004846267272e-02 -2.189183700105544125e-02 2.584608420525948136e-02 -3.130657700775130081e+01 -1.221122938716017643e+02
2.064128256513025917e+03 -1.359033140000560219e-02 -2.001093035476717019e-02 2.418955231552085555e-02 -3.188191548983996171e+01 -1.241822064083508081e+02
2.084168336673346857e+03 -1.321254041160742874e-02 -1.796496236132771873e-02 2.230047301678331900e-02 -3.258819060588984229e+01 -1.263330549150106350e+02
2.104208416833667343e+03 -1.263068861840838109e-02 -1.717307585238260492e-02 2.131780545006632666e-02 -3.297962221686822204e+01 -1.263342465075971148e+02
2.124248496993987828e+03 -1.219981409097430775e-02 -1.645550781897624909e-02 2.048460889142684691e-02 -3.332591857637806498e+01 -1.265525649925663174e+02
2.144288577154308769e+03 -1.194576036236241930e-02 -1.597151486042504634e-02 1.994468544679928526e-02 -3.355792827936926415e+01 -1.267943429157369764e+02
2.164328657314629254e+03 -1.188358335296874936e-02 -1.604073959717293787e-02 1.996308794077879603e-02 -3.354991770751659175e+01 -1.265324393735222515e+02
2.184368737474949739e+03 -1.177826186546835317e-02 -1.542785371625185822e-02 1.940994906901129247e-02 -3.379398418943306126e+01 -1.273596118990650297e+02
2.204408817635270680e+03 -1.169630819461321518e-02 -1.405383668988574239e-02 1.828425418466268423e-02 -3.431292710279767988e+01 -1.297689261271828798e+02
2.224448897795591165e+03 -1.133909079420085744e-02 -1.347582874568798578e-02 1.761172735486900634e-02 -3.463843303424753373e+01 -1.300785722750749756e+02
2.244488977955911650e+03 -1.093258515508610702e-02 -1.270014721189435987e-02 1.675754031404958627e-02 -3.507026664856644516e+01 -1.307226428969124186e+02
2.264529058116232591e+03 -1.031868152111646043e-02 -1.226833915612037668e-02 1.603082449482329946e-02 -3.545535491590707267e+01 -1.300665935101578157e+02
2.284569138276553076e+03 -9.816820950818755734e-03 -1.180233483954824282e-02 1.535138694858703343e-02 -3.583151973178348726e+01 -1.297526476623526719e+02
2.304609218436874016e+03 -9.262409926903882734e-03 -1.145513385230051764e-02 1.473133833798303920e-02 -3.618962802242367616e+01 -1.289583647719857709e+02
2.324649298597194502e+03 -8.629810616663754694e-03 -1.115106609884976285e-02 1.410035128712752717e-02 -3.656987345527841171e+01 -1.277362896705108994e+02
2.344689378757514987e+03 -8.160483367460389867e-03 -1.097991735334432999e-02 1.368035357280174974e-02 -3.683252566579617593e+01 -1.266204333012130263e+02
2.364729458917835927e+03 -7.491241837517596119e-03 -1.067206360798462692e-02 1.303885140344209458e-02 -3.724968538693468645e+01 -1.250668884157363010e+02
2.384769539078156413e+03 -7.051394130045188051e-03 -1.054213666378536057e-02 1.268301244244297507e-02 -3.749002373557730294e+01 -1.237776590707129856e+02
2.404809619238476898e+03 -6.364964886989592750e-03 -1.045753099854780828e-02 1.224225194146072102e-02 -3.779724584796323938e+01 -1.213267388899843269e+02
2.424849699398797839e+03 -5.657401387089383386e-03 -1.075974267650663466e-02 1.215640789539735103e-02 -3.785836682689781441e+01 -1.177350961623673129e+02
2.444889779559118324e+03 -5.026747501671283321e-03 -1.116095586559976913e-02 1.224071592184968436e-02 -3.779833572374262474e+01 -1.142461738931128394e+02
2.464929859719438809e+03 -4.463039278133958815e-03 -1.135729370952841440e-02 1.220273903689905910e-02 -3.782532563146646964e+01 -1.114531785998085951e+02
2.484969939879759750e+03 -3.814881393568220983e-03 -1.147604396791836179e-02 1.209350673711262480e-02 -3.790342708814569050e+01 -1.083879055926542634e+02
2.505010020040080235e+03 -3.188927415969365544e-03 -1.188029529798518766e-02 1.230084039534088194e-02 -3.775577643537734218e+01 -1.050252487804661854e+02
2.525050100200400720e+03 -2.625454806224195199e-03 -1.150954881375889499e-02 1.180519914426794020e-02 -3.811300575223480536e+01 -1.028499288131371827e+02
2.545090180360721661e+03 -2.098539865756704568e-03 -1.174089362372398616e-02 1.192696326194445447e-02 -3.802387447539069854e+01 -1.001339014861697194e+02
2.565130260521042146e+03 -1.724714812633834811e-03 -1.238748195475805093e-02 1.250697207018449005e-02 -3.761142850564083773e+01 -9.792636202563662096e+01
2.585170340681362632e+03 -1.516702718244360235e-03 -1.288241239363441953e-02 1.297138913976431107e-02 -3.729474233979492936e+01 -9.671477107356133729e+01
2.605210420841683572e+03 -1.278106183194495371e-03 -1.327684057529982670e-02 1.333821768743664697e-02 -3.705251608421868781e+01 -9.549868236390200593e+01
2.625250501002004057e+03 -1.108005884540726920e-03 -1.393377977204441828e-02 1.397776433397026133e-02 -3.664571782645922582e+01 -9.454655929295236660e+01
2.645290581162324543e+03 -9.308998439519184471e-04 -1.437508866998178647e-02 1.440519867233036252e-02 -3.638408705934656240e+01 -9.370517798787855668e+01
2.665330661322645483e+03 -8.489385018340795362e-04 -1.492513856897253674e-02 1.494926278727241702e-02 -3.606207658074707467e+01 -9.325546317786169936e+01
2.685370741482965968e+03 -9.386620778863687337e-04 -1.540566317509505651e-02 1.543423287244759246e-02 -3.578477113338913540e+01 -9.348670288170681886e+01
2.705410821643286454e+03 -1.054314547329596998e-03 -1.585191567888696862e-02 1.588693834114217676e-02 -3.553366790569779710e+01 -9.380515120347722302e+01
2.725450901803607394e+03 -9.883342772917544459e-04 -1.659576996932930412e-02 1.662517324777585889e-02 -3.513914851179468712e+01 -9.340813231560206020e+01
2.745490981963927879e+03 -1.201542281054291707e-03 -1.751684081907840806e-02 1.755800148462496879e-02 -3.466497047755726157e+01 -9.392397437082328793e+01
2.765531062124248365e+03 -1.276044955777351411e-03 -1.776599187884193506e-02 1.781175898580043479e-02 -3.454033590617453342e+01 -9.410822283529229537e+01
2.785571142284569305e+03 -1.560178866734289981e-03 -1.805447002137337484e-02 1.812175614693217751e-02 -3.439046646416454678e+01 -9.493895102446059298e+01
2.805611222444889790e+03 -1.739139770896079400e-03 -1.837341497494293999e-02 1.845554076650613579e-02 -3.423193660583010711e+01 -9.540723452918537362e+01
2.825651302605210276e+03 -1.850806939083353810e-03 -1.853130261607788612e-02 1.862349760314679220e-02 -3.415324715815514622e+01 -9.570348083528776328e+01
2.845691382765531216e+03 -2.034562463475408402e-03 -1.894742220842805455e-02 1.905634416046833937e-02 -3.395368035310094967e+01 -9.612890123101416862e+01
2.865731462925851702e+03 -2.477267498089796849e-03 -1.922343884483481910e-02 1.938240065828266551e-02 -3.380632077111473421e+01 -9.734306741111082317e+01
2.885771543086172642e+03 -2.814790654505518967e-03 -1.937092588106368793e-02 1.957436629672476905e-02 -3.372071788483297183e+01 -9.826778650251534941e+01
2.905811623246493127e+03 -3.285782428138874726e-03 -1.930016835987054605e-02 1.957786670923097189e-02 -3.371916475774604294e+01 -9.966176083451946965e+01
2.925851703406813613e+03 -3.584088604291434631e-03 -1.923882785420131039e-02 1.956982852063358924e-02 -3.372273170183397184e+01 -1.005529187168893941e+02
2.945891783567134553e+03 -3.894415600877592937e-03 -1.901120368043567044e-02 1.940598717538918883e-02 -3.379575730502466513e+01 -1.015767929781670205e+02
2.965931863727455038e+03 -4.097119631414901028e-03 -1.891768949088873386e-02 1.935627456273049038e-02 -3.381803662953015532e+01 -1.022201668088910083e+02
2.985971943887775524e+03 -4.220255792146881089e-03 -1.879355541226945120e-02 1.926157532459875366e-02 -3.386063603795826538e+01 -1.026563132638835611e+02
3.006012024048096464e+03 -4.330772232000941989e-03 -1.868786673837069187e-02 1.918311630983277061e-02 -3.389608890598888280e+01 -1.030475480578810021e+02
3.026052104208416949e+03 -4.535541219387312709e-03 -1.867462422936939925e-02 1.921751087578492737e-02 -3.388052939533535834e+01 -1.036512168415668498e+02
3.046092184368737435e+03 -4.853797870392579164e-03 -1.870658584459216831e-02 1.932603704145585341e-02 -3.383161595379091580e+01 -1.045457686950307448e+02
3.066132264529058375e+03 -5.070167034252299337e-03 -1.839889020547813558e-02 1.908469948803119196e-02 -3.394076558896883711e+01 -1.054065654383511514e+02
3.086172344689378860e+03 -5.375911084263570658e-03 -1.824241235736869318e-02 1.901804481544266956e-02 -3.397115477647336235e+01 -1.064198758700519818e+02
3.106212424849699346e+03 -5.655984639591916940e-03 -1.797724884721539976e-02 1.884599794009346463e-02 -3.405008931951962836e+01 -1.074645676844748152e+02
3.126252505010020286e+03 -6.063408763294420023e-03 -1.769992600045273978e-02 1.870968482503910374e-02 -3.411314267314633497e+01 -1.089097625666014579e+02
3.146292585170340772e+03 -6.487342907902613441e-03 -1.722317245025741655e-02 1.840443661881613693e-02 -3.425602155122532366e+01 -1.106395675375353989e+02
3.166332665330661257e+03 -6.996955858683091660e-03 -1.675105963820097688e-02 1.815366052042742886e-02 -3.437518791113535599e+01 -1.126704052319834517e+02
3.186372745490982197e+03 -7.428659693483606261e-03 -1.595441657171969146e-02 1.759910205054655147e-02 -3.464466191363170822e+01 -1.149675231221878562e+02
3.206412825651302683e+03 -7.992477007373854567e-03 -1.503033032480450247e-02 1.702323466284059658e-02 -3.493363038828130840e+01 -1.180021058352816112e+02
3.226452905811623168e+03 -8.678242957670993796e-03 -1.390905960416669376e-02 1.639432340490536849e-02 -3.526060214566248163e+01 -1.219611679198367256e+02
3.246492985971944108e+03 -9.130712015879727250e-03 -1.237857738792589972e-02 1.538177753271060925e-02 -3.581434158887318375e+01 -1.264133048511827013e+02
3.266533066132264594e+03 -9.597691841546612118e-03 -1.045919205989708986e-02 1.419543543647410443e-02 -3.651149772999416143e+01 -1.325404950920826650e+02
3.286573146292585079e+03 -9.859468244093934006e-03 -7.977426097905039246e-03 1.268260388105822527e-02 -3.749030354104730378e+01 -1.410232205197604856e+02
3.306613226452906019e+03 -9.841092869184470127e-03 -4.776107892294287859e-03 1.093884433835445175e-02 -3.877504325995446521e+01 -1.541116382280972061e+02
3.326653306613226505e+03 -9.436233611522655898e-03 -7.495320270627241514e-04 9.465954945530994161e-03 -4.003118344468369827e+01 -1.754584587621880303e+02
3.346693386773546990e+03 -8.202451344446007667e-03 4.519032566976096364e-03 9.364927303476235781e-03 -4.012438389669153338e+01 1.511480121340653398e+02
3.366733466933867930e+03 -5.355544587703631697e-03 1.194506602787012185e-02 1.309070128912345754e-02 -3.721521384574983671e+01 1.141489759806643036e+02
3.386773547094188416e+03 1.821367222776692444e-03 2.210475962988985368e-02 2.217967035046764304e-02 -3.263537036422717819e+01 8.528963692607382541e+01
3.406813627254508901e+03 2.074399774334928850e-02 3.404783359057883541e-02 3.986939195156892490e-02 -2.754167986009466418e+01 5.864770184991961344e+01
3.426853707414829842e+03 5.896958520270204063e-02 2.629435984796545112e-02 6.456628639462728969e-02 -2.335435594238106560e+01 2.403194787142523126e+01
3.446893787575150327e+03 7.133614901724889823e-02 -1.795598319851842567e-02 7.356129069855026070e-02 -2.222148529142719298e+01 -1.412838944304789024e+01
3.466933867735470812e+03 4.998959756578898184e-02 -4.203086212880173533e-02 6.531120299060395873e-02 -2.325471844055433834e+01 -4.005685999607888448e+01
3.486973947895791753e+03 3.242997228046593655e-02 -4.560144237900966985e-02 5.595707863316247421e-02 -2.459737144421143995e+01 -5.458104223783051623e+01
3.507014028056112238e+03 2.266651314839154482e-02 -4.390384479439120302e-02 4.940969951372096991e-02 -2.567822785127527396e+01 -6.269376673235149156e+01
3.527054108216432724e+03 1.683157736626381129e-02 -4.187676310134857971e-02 4.513275179382477548e-02 -2.646463583092478089e+01 -6.810326681542449023e+01
3.547094188376753664e+03 1.335503416672826488e-02 -4.000336112017203322e-02 4.217375769960948761e-02 -2.705362613456706811e+01 -7.153852609833992915e+01
3.567134268537074149e+03 1.093160573111533890e-02 -3.861981931259251405e-02 4.013714548392607884e-02 -2.748354245309218413e+01 -7.419546941506702353e+01
3.587174348697395089e+03 9.275884223875176943e-03 -3.745618177894054213e-02 3.858766100182510483e-02 -2.782550301519213676e+01 -7.609075183542252319e+01
3.607214428857715575e+03 7.854460361249888251e-03 -3.662350065478509747e-02 3.745628582464484435e-02 -2.808397789743996498e+01 -7.789542001437193619e+01
3.627254509018036060e+03 7.032167517435823981e-03 -3.595188164472058051e-02 3.663317040319164636e-02 -2.827698198308464583e+01 -7.893270809892504758e+01
3.647294589178357000e+03 6.219070960266821074e-03 -3.543108287769023562e-02 3.597274631571223402e-02 -2.843500020554801111e+01 -8.004452336831487003e+01
3.667334669338677486e+03 5.613309886277715634e-03 -3.477518637655557798e-02 3.522531526336648150e-02 -2.861737433187926172e+01 -8.083057321812229645e+01
3.687374749498997971e+03 4.886123264413246535e-03 -3.461378090273983105e-02 3.495694536051337231e-02 -2.868380259165162016e+01 -8.196514645947482336e+01
3.707414829659318912e+03 4.527803296305576812e-03 -3.427990839934977330e-02 3.457763905413217820e-02 -2.877856537546696813e+01 -8.247573893466055495e+01
3.727454909819639397e+03 4.072666400610968837e-03 -3.410462254607900950e-02 3.434693422448626549e-02 -2.883671253772499909e+01 -8.319016690840007300e+01
3.747494989979959882e+03 3.724484942116589297e-03 -3.382262427018071366e-02 3.402707305375927277e-02 -2.891798023598000356e+01 -8.371601281512744208e+01
3.767535070140280823e+03 3.385191666353450785e-03 -3.362451774934034632e-02 3.379449239881630179e-02 -2.897755355330177451e+01 -8.425104458019188769e+01
3.787575150300601308e+03 3.214548698713065068e-03 -3.341332741555472913e-02 3.356760003806437409e-02 -2.903606626829631310e+01 -8.450473821701339716e+01
3.807615230460921794e+03 3.044235315571949384e-03 -3.329631259429658569e-02 3.343518806637236357e-02 -2.907039669849626762e+01 -8.477605066097207498e+01
3.827655310621242734e+03 3.057416343984457538e-03 -3.318498357246964930e-02 3.332552969429809081e-02 -2.909893088465464928e+01 -8.473605572892863336e+01
3.847695390781563219e+03 2.936689218156321272e-03 -3.313429188524813496e-02 3.326417656129272704e-02 -2.911493656249874462e+01 -8.493511470430756560e+01
3.867735470941883705e+03 2.845395812113668543e-03 -3.317009824819726338e-02 3.329191636302501756e-02 -2.910769620749010045e+01 -8.509705878974132531e+01
3.887775551102204645e+03 2.781583502730515869e-03 -3.328862251635153480e-02 3.340463434643176771e-02 -2.907833766088488758e+01 -8.522348465250605898e+01
3.907815631262525130e+03 2.727836072424765380e-03 -3.330334416246168855e-02 3.341487426343832390e-02 -2.907567548058549534e+01 -8.531742617581937793e+01
3.927855711422845616e+03 2.733425709639684086e-03 -3.339228917889287135e-02 3.350397875949848170e-02 -2.905254441238957597e+01 -8.532031641326402394e+01
3.947895791583166556e+03 2.629643022523582042e-03 -3.353461881007355899e-02 3.363756354379499047e-02 -2.901798148205031325e+01 -8.551628237262544019e+01
3.967935871743487041e+03 2.592917243530069079e-03 -3.373716327320756131e-02 3.383665771843993170e-02 -2.896672294167908390e+01 -8.560509194425104340e+01
3.987975951903807527e+03 2.531733833533691708e-03 -3.391205484567121065e-02 3.400642792266884984e-02 -2.892325179581877492e+01 -8.573045429050567634e+01
4.008016032064128467e+03 2.478775243325842016e-03 -3.411988183632230776e-02 3.420980361287568466e-02 -2.887146048474113158e+01 -8.584481891975595147e+01
4.028056112224448952e+03 2.400915104701422439e-03 -3.435263561406062122e-02 3.443643371448921325e-02 -2.881410872651763455e+01 -8.600208330673487467e+01
4.048096192384769438e+03 2.288587606695502343e-03 -3.468156675424799440e-02 3.475699506233069502e-02 -2.873362766178644634e+01 -8.622460606062799116e+01
4.068136272545090378e+03 2.116722720319820419e-03 -3.489435947095705787e-02 3.495850165500645479e-02 -2.868341590164846622e+01 -8.652864105173843257e+01
4.088176352705410864e+03 1.968029683130422067e-03 -3.507142649743619223e-02 3.512660099410063602e-02 -2.864174955452745053e+01 -8.678822125625582373e+01
4.108216432865731804e+03 1.796470213952804139e-03 -3.521765257043794894e-02 3.526344222848493137e-02 -2.860797803507015402e+01 -8.707984446194109296e+01
4.128256513026051834e+03 1.570047528703377715e-03 -3.535852641201089192e-02 3.539336716492596374e-02 -2.857603447744907044e+01 -8.745752853196289323e+01
4.148296593186372775e+03 1.554669878013984277e-03 -3.553239107748401571e-02 3.556638601422514034e-02 -2.853367735129893745e+01 -8.749470150060369633e+01
4.168336673346693715e+03 1.494731865674252995e-03 -3.568686074541065761e-02 3.571815019304043493e-02 -2.849669292325943104e+01 -8.760158789294156634e+01
4.188376753507013746e+03 1.364014242432239846e-03 -3.593299218920666810e-02 3.595887181938757504e-02 -2.843835095306290839e+01 -8.782609938855620157e+01
4.208416833667334686e+03 1.296575733165892912e-03 -3.615883656647645578e-02 3.618207526487376285e-02 -2.838460265174339980e+01 -8.794638020943351364e+01
4.228456913827655626e+03 1.227604390422817968e-03 -3.648806041123459770e-02 3.650870533329401979e-02 -2.830654345914926751e+01 -8.807306748355232173e+01
4.248496993987975657e+03 1.148060000924163316e-03 -3.674151012094768742e-02 3.675944242957751573e-02 -2.824709379882639482e+01 -8.821026417398819319e+01
4.268537074148296597e+03 9.392987029774342708e-04 -3.713557840150049499e-02 3.714745570382183698e-02 -2.815589063570534734e+01 -8.855108278899658103e+01
4.288577154308617537e+03 7.534349715297086617e-04 -3.745203336856967741e-02 3.745961115250371481e-02 -2.808320680793888968e+01 -8.884751726444514475e+01
4.308617234468937568e+03 5.123585710491094505e-04 -3.779181090014410022e-02 3.779528386475723006e-02 -2.800571987585481537e+01 -8.922326597628027400e+01
4.328657314629258508e+03 2.782896714503428409e-04 -3.812611557471668605e-02 3.812713120545381529e-02 -2.792978952692958572e+01 -8.958179478148493047e+01
4.348697394789579448e+03 -6.804125793981917003e-05 -3.854554882668734250e-02 3.854560888043306877e-02 -2.783497389908450259e+01 -9.010113937879164325e+01
4.368737474949899479e+03 -4.966056250048945251e-04 -3.892605772993584790e-02 3.892922536528417576e-02 -2.774895686620933688e+01 -9.073092073874796881e+01
4.388777555110220419e+03 -1.091037956079303831e-03 -3.915391640830508807e-02 3.916911454105323487e-02 -2.769559702625240760e+01 -9.159615445237268716e+01
4.408817635270541359e+03 -1.561424641540080449e-03 -3.933158348916718228e-02 3.936256478783537599e-02 -2.765280433654897507e+01 -9.227339151406773965e+01
4.428857715430861390e+03 -2.162499244825771653e-03 -3.936996781653712835e-02 3.942931357326730224e-02 -2.763808777604829814e+01 -9.314396241138437915e+01
4.448897795591182330e+03 -2.502211148876041982e-03 -3.935563349309473963e-02 3.943509792401129338e-02 -2.763681363397771662e+01 -9.363793983171422042e+01
4.468937875751503270e+03 -3.098751732882752599e-03 -3.940248672982229333e-02 3.952414733799915897e-02 -2.761722191403165994e+01 -9.449668878654517812e+01
4.488977955911823301e+03 -3.577415527805019330e-03 -3.943000145552762181e-02 3.959195520104419330e-02 -2.760233311793798805e+01 -9.518415296719864216e+01
4.509018036072144241e+03 -4.183269076521710719e-03 -3.920307961731731711e-02 3.942564129660167116e-02 -2.763889678012201401e+01 -9.609085073471655392e+01
4.529058116232465181e+03 -4.607397549917160474e-03 -3.902295889583304311e-02 3.929401268856182877e-02 -2.766794448473775248e+01 -9.673367498860152125e+01
4.549098196392786122e+03 -5.098520556279484764e-03 -3.873572989813861556e-02 3.906983084944640194e-02 -2.771764148625237567e+01 -9.749834972139670697e+01
4.569138276553106152e+03 -5.424190459376965028e-03 -3.839677117514535276e-02 3.877800766950346284e-02 -2.778276226175764307e+01 -9.804078714864007793e+01
4.589178356713427092e+03 -5.711876799355821398e-03 -3.796449213046069332e-02 3.839177254692510005e-02 -2.786970882692079599e+01 -9.855615524762947643e+01
4.609218436873748033e+03 -5.925389155592200238e-03 -3.754682438332180433e-02 3.801150165301574180e-02 -2.795617156889170474e+01 -9.896807540020560623e+01
4.629258517034068063e+03 -6.061999898936408157e-03 -3.708763887977096357e-02 3.757979244821615245e-02 -2.805538456219695576e+01 -9.928294700822007712e+01
4.649298597194389004e+03 -6.028626610258778010e-03 -3.661656512081410547e-02 3.710952950459949634e-02 -2.816476314267708148e+01 -9.934941888820665667e+01
4.669338677354709944e+03 -6.009561552296211438e-03 -3.622088314249131275e-02 3.671603472153343178e-02 -2.825735666801746149e+01 -9.942037331305118641e+01
4.689378757515029974e+03 -5.823192717305322383e-03 -3.585055896729998776e-02 3.632040957493089250e-02 -2.835145735993616256e+01 -9.922595754002189494e+01
4.709418837675350915e+03 -5.655697132359388535e-03 -3.541821595626620800e-02 3.586693367961204387e-02 -2.846058711083949078e+01 -9.907258266144194181e+01
4.729458917835671855e+03 -5.492015512111785534e-03 -3.518587359607820708e-02 3.561190720959030859e-02 -2.852256744362533070e+01 -9.887147561648052374e+01
4.749498997995991886e+03 -5.141397488927855475e-03 -3.495439877634148873e-02 3.533049620306311089e-02 -2.859147736628530367e+01 -9.836756234000242216e+01
4.769539078156312826e+03 -4.921169570738648594e-03 -3.484893692089465617e-02 3.519469156649137481e-02 -2.862492883464371474e+01 -9.803783796625181424e+01
4.789579158316633766e+03 -4.415499833525917371e-03 -3.464500900894434965e-02 3.492525286966011860e-02 -2.869168092129066849e+01 -9.726317878302459974e+01
4.809619238476953797e+03 -4.262874186458482165e-03 -3.474033931918834445e-02 3.500090387892743765e-02 -2.867288690759329128e+01 -9.699560802555201633e+01
4.829659318637274737e+03 -3.966300564270158237e-03 -3.459406217395203514e-02 3.482069324211378714e-02 -2.871772384181778293e+01 -9.654055314945573230e+01
4.849699398797595677e+03 -3.650675018832853173e-03 -3.474454362065279578e-02 3.493580884279874621e-02 -2.868905605369905487e+01 -9.599816724581717153e+01
4.869739478957915708e+03 -3.483627957234065008e-03 -3.469332120519810075e-02 3.486778169014299184e-02 -2.870598574235575740e+01 -9.573396790062093942e+01
4.889779559118236648e+03 -3.045855763940945315e-03 -3.488543610263463574e-02 3.501815085645922782e-02 -2.866860791962274391e+01 -9.498985452592702927e+01
4.909819639278557588e+03 -2.844799620484927179e-03 -3.494574494552617205e-02 3.506134587659862079e-02 -2.865790044474497833e+01 -9.465396811027561341e+01
4.929859719438877619e+03 -2.540328291406574335e-03 -3.508674934003929574e-02 3.517859074890392068e-02 -2.862890335231536909e+01 -9.414106655349031882e+01
4.949899799599198559e+03 -2.346926206483747682e-03 -3.521376731098246893e-02 3.529188959025426897e-02 -2.860097386821720278e+01 -9.381300849349561588e+01
4.969939879759519499e+03 -2.023231055229104611e-03 -3.550627053351077672e-02 3.556386805595953410e-02 -2.853429229940796574e+01 -9.326132190436227631e+01
4.989979959919839530e+03 -1.804550903869222992e-03 -3.564333964464563159e-02 3.568899080932693563e-02 -2.850378675727581168e+01 -9.289829596336132056e+01
5.010020040080160470e+03 -1.573034168438175147e-03 -3.600992578362218616e-02 3.604426710916802667e-02 -2.841774811764625497e+01 -9.250128135124599282e+01
5.030060120240481410e+03 -1.411521521377695791e-03 -3.621857341265853625e-02 3.624606810473996604e-02 -2.836925406310147935e+01 -9.223181949181937966e+01
5.050100200400801441e+03 -1.253248747660563661e-03 -3.655790446807859195e-02 3.657937959452939314e-02 -2.828974539896534424e+01 -9.196339905200440512e+01
5.070140280561122381e+03 -1.283432785219834182e-03 -3.672941354133683195e-02 3.675183014224889244e-02 -2.824889269267091407e+01 -9.200126731309765660e+01
5.090180360721443321e+03 -1.076492568535928045e-03 -3.722541528569520142e-02 3.724097715477647091e-02 -2.813405075016022039e+01 -9.165643004531870019e+01
5.110220440881763352e+03 -1.047797148207581458e-03 -3.737835064883495567e-02 3.739303379094898599e-02 -2.809865806601509775e+01 -9.160570586102606683e+01
5.130260521042084292e+03 -1.205900750569006887e-03 -3.751938825846133641e-02 3.753876252501391758e-02 -2.806487306794258529e+01 -9.184089479626517516e+01
5.150300601202405232e+03 -1.031332802008203377e-03 -3.797623773874300029e-02 3.799023927455612293e-02 -2.796103152802704273e+01 -9.155561740277630633e+01
5.170340681362725263e+03 -9.732426925861079612e-04 -3.822220005739666165e-02 3.823458877203108480e-02 -2.790534363491868675e+01 -9.145859348863235994e+01
5.190380761523046203e+03 -9.505149590057523738e-04 -3.854818201061264299e-02 3.855989905342872837e-02 -2.783175434005956461e+01 -9.141250401982131280e+01
5.210420841683367144e+03 -1.057985327846583650e-03 -3.876771678535441412e-02 3.878215050385149659e-02 -2.778183435746199947e+01 -9.156323500809986626e+01
5.230460921843687174e+03 -9.057646522873375166e-04 -3.899210759413577337e-02 3.900262637615566075e-02 -2.773259505126382507e+01 -9.133070930160528178e+01
5.250501002004008114e+03 -1.002194658039150385e-03 -3.944877126757232594e-02 3.946149957431727140e-02 -2.763100040915809430e+01 -9.145528424776654219e+01
5.270541082164329055e+03 -8.828051076705227410e-04 -3.945794597952778648e-02 3.946782038295834627e-02 -2.762960924434312204e+01 -9.128168277344026649e+01
5.290581162324649085e+03 -8.971438442831254937e-04 -3.968584241874799357e-02 3.969598160472962572e-02 -2.757954119228797296e+01 -9.129501603670604482e+01
5.310621242484970026e+03 -7.975495948245286525e-04 -3.999698429441365943e-02 4.000493517059835330e-02 -2.751220068664344609e+01 -9.114234039167220658e+01
5.330661322645290966e+03 -9.093610879825001067e-04 -4.035315111199011540e-02 4.036339606940235469e-02 -2.743471811594975662e+01 -9.129094590905540940e+01
5.350701402805610996e+03 -8.515229830106363883e-04 -4.072022660806919742e-02 4.072912896690895901e-02 -2.735636965849352009e+01 -9.119796885645550333e+01
5.370741482965931937e+03 -9.147996056113615092e-04 -4.095113564676006179e-02 4.096135213927599300e-02 -2.730698641940291083e+01 -9.127970664722674599e+01
5.390781563126252877e+03 -9.493651691615859721e-04 -4.125988392580111352e-02 4.127080464196207499e-02 -2.724161338092674356e+01 -9.131810891978948064e+01
5.410821643286572908e+03 -9.839799575584982656e-04 -4.159656524890636975e-02 4.160820180040711302e-02 -2.717089316364336327e+01 -9.135509713400340104e+01
5.430861723446893848e+03 -9.760021451722408845e-04 -4.207290547857067686e-02 4.208422454550069663e-02 -2.707208552244974342e+01 -9.132890218093730539e+01
5.450901803607214788e+03 -1.052068954645853007e-03 -4.245409600082689777e-02 4.246712983394045765e-02 -2.699341390710934263e+01 -9.141957506243934972e+01
5.470941883767534819e+03 -1.233279891974510198e-03 -4.288158321202617529e-02 4.289931419104359156e-02 -2.690546511775898608e+01 -9.164737993887554524e+01
5.490981963927855759e+03 -1.450282583873983237e-03 -4.328445678371224681e-02 4.330874644496353343e-02 -2.682295983728213074e+01 -9.191902597182941292e+01
5.511022044088176699e+03 -1.661015123994499625e-03 -4.387842646885126152e-02 4.390985402645430913e-02 -2.670323223893892362e+01 -9.216789306260940862e+01
5.531062124248496730e+03 -2.100255165254677654e-03 -4.434262336593968595e-02 4.439233400861863910e-02 -2.660831251663878660e+01 -9.271174510443559313e+01
5.551102204408817670e+03 -2.558722919053256061e-03 -4.483865208828963222e-02 4.491159966056840896e-02 -2.650730162514821941e+01 -9.326604820757079040e+01
5.571142284569138610e+03 -3.009369305999582030e-03 -4.519356841564893534e-02 4.529365220160362637e-02 -2.643372528714823488e+01 -9.380961269542305558e+01
5.591182364729458641e+03 -3.856895871371222514e-03 -4.548540745687539716e-02 4.564863565628853037e-02 -2.636591606784482877e+01 -9.484675224282355543e+01
5.611222444889779581e+03 -4.471583799687114599e-03 -4.558570196046611567e-02 4.580448978982374492e-02 -2.633631110667015207e+01 -9.560232379648205381e+01
5.631262525050100521e+03 -5.053441237293887327e-03 -4.567787176712629488e-02 4.595655815564102936e-02 -2.630752219717770046e+01 -9.631308263115589341e+01
5.651302605210420552e+03 -5.655081964530461747e-03 -4.562151364992292346e-02 4.597066955935775329e-02 -2.630485552051766973e+01 -9.706613900521742266e+01
5.671342685370741492e+03 -5.894834122291276769e-03 -4.568440079053631003e-02 4.606314736228608875e-02 -2.628739993109600448e+01 -9.735246908145074940e+01
5.691382765531062432e+03 -6.283121396666617106e-03 -4.544899212947537542e-02 4.588124344511997077e-02 -2.632176851838659104e+01 -9.787099712046274647e+01
5.711422845691382463e+03 -6.559508472860223552e-03 -4.561274660423002281e-02 4.608199001982469373e-02 -2.628384759505745905e+01 -9.818352340173520076e+01
5.731462925851703403e+03 -6.800325441499447537e-03 -4.599142862447162805e-02 4.649146086143317314e-02 -2.620700824854182187e+01 -9.841085323839824639e+01
5.751503006012024343e+03 -7.338988823390093369e-03 -4.644826429963716530e-02 4.702448312739644642e-02 -2.610799149231351635e+01 -9.897870719763173497e+01
5.771543086172345284e+03 -8.110865212010291356e-03 -4.726241067103582882e-02 4.795332727689539248e-02 -2.593809717789045877e+01 -9.973786842283607257e+01
5.791583166332665314e+03 -9.424195334558153545e-03 -4.821561865728022506e-02 4.912800973180347225e-02 -2.572788869770030118e+01 -1.010595636373302852e+02
5.811623246492986254e+03 -1.124697732668317705e-02 -4.928799532411715784e-02 5.055493034370752564e-02 -2.547920177898653549e+01 -1.028541750677901092e+02
5.831663326653307195e+03 -1.449893481840104463e-02 -5.064499468353402672e-02 5.267954629040982883e-02 -2.512163158803819130e+01 -1.059756569717121550e+02
5.851703406813627225e+03 -1.982914376885971594e-02 -5.181748223491847161e-02 5.548194668333293611e-02 -2.467143829243205388e+01 -1.109404917536404866e+02
5.871743486973948166e+03 -2.972143283526246238e-02 -5.116722810721138076e-02 5.917304117549156139e-02 -2.411199430083709316e+01 -1.201509560161392187e+02
5.891783567134269106e+03 -4.904054351048485472e-02 -3.879647612884697117e-02 6.253112399293611623e-02 -2.363254740245219665e+01 -1.416521180123573629e+02
5.911823647294589136e+03 -3.900259023355462373e-02 7.553944043725877022e-03 3.972737237148100259e-02 -2.757267528355448860e+01 1.690387788802641751e+02
5.931863727454910077e+03 5.237451652897231677e-03 1.261032526565715494e-04 5.238969540545784787e-03 -4.516955463657502179e+01 1.379256353699280790e+00
5.951903807615231017e+03 1.097739583866260381e-02 -1.908869219685259064e-02 2.202002246104367914e-02 -3.269811695320547784e+01 -6.009794511771481496e+01
5.971943887775551048e+03 9.444118915138173184e-03 -2.841459433893968670e-02 2.994295498994335725e-02 -3.002857895617742656e+01 -7.161481324536153181e+01
5.991983967935871988e+03 7.446589209843032693e-03 -3.297337561100199127e-02 3.380377478987179468e-02 -2.897516811272333115e+01 -7.727401038986806725e+01
6.012024048096192928e+03 5.873206022564778778e-03 -3.560714256892336116e-02 3.608826888210524275e-02 -2.840715110796771370e+01 -8.063370477980565454e+01
6.032064128256512959e+03 4.190239441636292757e-03 -3.724479946069381847e-02 3.747977045614798303e-02 -2.807853365779808286e+01 -8.358091019999699256e+01
6.052104208416833899e+03 3.287731907478509772e-03 -3.822241609731021755e-02 3.836355397263620931e-02 -2.787609544382867455e+01 -8.508375817608754232e+01
6.072144288577154839e+03 2.442726461765025187e-03 -3.886378020253442728e-02 3.894047154565432461e-02 -2.774644798056835171e+01 -8.640348810055594697e+01
6.092184368737474870e+03 1.846939799485026491e-03 -3.936225507398209700e-02 3.940556193143489316e-02 -2.764332160548230277e+01 -8.731356099014881522e+01
6.112224448897795810e+03 1.343226204224788004e-03 -3.966282761617509478e-02 3.968556603031054425e-02 -2.758182052629280179e+01 -8.806035538419297382e+01
6.132264529058116750e+03 9.664815098240920601e-04 -3.990775244739404315e-02 3.991945380276785277e-02 -2.753078029719110731e+01 -8.861268836462849663e+01
6.152304609218436781e+03 7.035244258909978919e-04 -4.005398624151283726e-02 4.006016425893839383e-02 -2.750021759174597591e+01 -8.899373721023673056e+01
6.172344689378757721e+03 4.607123418434434748e-04 -4.018288249509037457e-02 4.018552353119425602e-02 -2.747307949324683918e+01 -8.934311043555409526e+01
6.192384769539078661e+03 2.173926015171698495e-04 -4.024417435995571168e-02 4.024476151572663196e-02 -2.746028494231950390e+01 -8.969050036153581118e+01
6.212424849699398692e+03 2.057744493505483734e-04 -4.037421270730887080e-02 4.037473708718147120e-02 -2.743227795971603200e+01 -8.970798426510141610e+01
6.232464929859719632e+03 8.625279943391994154e-05 -4.035388719950108033e-02 4.035397937819103220e-02 -2.743674475124444712e+01 -8.987753561810332315e+01
6.252505010020040572e+03 6.999666847583445903e-05 -4.033575834206872684e-02 4.033581907639120778e-02 -2.744065449901707154e+01 -8.990057185428796060e+01
6.272545090180360603e+03 -4.870022518280297125e-05 -4.018634107673483419e-02 4.018637058565500964e-02 -2.747289640880806516e+01 -9.006943443776148683e+01
6.292585170340681543e+03 8.966413330353636870e-05 -4.050842561068188075e-02 4.050852484493787375e-02 -2.740354354097867784e+01 -8.987317779092937542e+01
6.312625250501002483e+03 -6.011325868543940599e-06 -4.027591063319367615e-02 4.027591108179977286e-02 -2.745356463813043746e+01 -9.000855160301959756e+01
6.332665330661322514e+03 1.045585121433117385e-04 -4.027276538793146676e-02 4.027290111816917567e-02 -2.745421379014666030e+01 -8.985124567583160626e+01
6.352705410821643454e+03 1.038467515864586050e-04 -4.002773411974752671e-02 4.002786882796803558e-02 -2.750722274728832417e+01 -8.985135388340961526e+01
6.372745490981964394e+03 1.329644925220461874e-04 -3.991481755704590073e-02 3.991503902251044428e-02 -2.753174094196441857e+01 -8.980913664315343681e+01
6.392785571142284425e+03 3.042019557662995291e-04 -3.970005300726186376e-02 3.970121846504580387e-02 -2.757839538888980968e+01 -8.956097924918607589e+01
6.412825651302605365e+03 3.962951726701882194e-04 -3.950973571565626757e-02 3.951172314876796876e-02 -2.761995270289319393e+01 -8.942532444204123010e+01
6.432865731462926306e+03 5.100146714698859185e-04 -3.923064379246569283e-02 3.923395885373335418e-02 -2.768122946009380314e+01 -8.925517301663124670e+01
6.452905811623246336e+03 8.373640864898212197e-04 -3.899893039333004324e-02 3.900791907340283443e-02 -2.773141644691021312e+01 -8.876996479862647504e+01
6.472945891783567276e+03 1.227664497496552256e-03 -3.846576231129086171e-02 3.848534825498059475e-02 -2.784856368865583320e+01 -8.817198148259689106e+01
6.492985971943888217e+03 1.344271032407012368e-03 -3.816735858490119537e-02 3.819102415433500708e-02 -2.791524600895084518e+01 -8.798285143263224484e+01
6.513026052104208247e+03 1.759535958998906984e-03 -3.777238430563588378e-02 3.781334397965430139e-02 -2.800157039788378199e+01 -8.733294148791090095e+01
6.533066132264529188e+03 2.245886533856802404e-03 -3.723991257766345875e-02 3.730757423251981203e-02 -2.811853186989733189e+01 -8.654875261241294027e+01
6.553106212424850128e+03 2.800990158069540260e-03 -3.657792346157461710e-02 3.668501098032292407e-02 -2.826469903775576142e+01 -8.562106565050565621e+01
6.573146292585170158e+03 3.432875254051583752e-03 -3.590211087823023950e-02 3.606585917488474430e-02 -2.841254645415894942e+01 -8.453811767870918459e+01
6.593186372745491099e+03 4.117062087620021807e-03 -3.498941781335652285e-02 3.523080412296814012e-02 -2.861602098942297445e+01 -8.328909720056626043e+01
6.613226452905812039e+03 5.051531282186871689e-03 -3.396386913321387119e-02 3.433747769992710058e-02 -2.883910429815209397e+01 -8.154027172307051785e+01
6.633266533066132070e+03 6.220032386395535698e-03 -3.251169301765024361e-02 3.310134416850374350e-02 -2.915755950934952878e+01 -7.916923335336815626e+01
6.653306613226453010e+03 8.029058227778730281e-03 -3.089597375167537491e-02 3.192220183648482312e-02 -2.947261532159152608e+01 -7.543254972630683142e+01
6.673346693386773950e+03 1.038160147337205928e-02 -2.852111807960714535e-02 3.035180102832144705e-02 -2.991078277517598849e+01 -6.999864574203630241e+01
6.693386773547093981e+03 1.402379104700280862e-02 -2.563832243237988695e-02 2.922311229962800891e-02 -3.023994276595689001e+01 -6.132197937461915416e+01
6.713426853707414921e+03 1.990977307949561362e-02 -2.201237024748406435e-02 2.968069251195682226e-02 -3.010499151149911512e+01 -4.787125304496448308e+01
6.733466933867735861e+03 3.033740702438965722e-02 -1.836444796309128630e-02 3.546281452384419247e-02 -2.855900809318741551e+01 -3.118819957686658739e+01
6.753507014028055892e+03 4.905003788550267585e-02 -1.870277969080103714e-02 5.249476340295179677e-02 -2.515215245237419239e+01 -2.087184923424741001e+01
6.773547094188376832e+03 7.306363640130315862e-02 -3.736813023060471528e-02 8.206504810888290424e-02 -2.127130753719503886e+01 -2.708730755853084204e+01
6.793587174348697772e+03 7.563754640707801014e-02 -7.445513076437053346e-02 1.061348431177169815e-01 -1.903731245986957177e+01 -4.454863870918273960e+01
6.813627254509017803e+03 5.733612085506466921e-02 -9.793820781062949343e-02 1.134871063331188562e-01 -1.845554165342562314e+01 -5.965394593430988834e+01
6.833667334669338743e+03 3.996955597764147855e-02 -1.183104823929282540e-01 1.248796846932967164e-01 -1.762463623552481096e+01 -7.133317335031448181e+01
6.853707414829659683e+03 -1.158193899718935362e-02 -1.198200359842492291e-01 1.203784961452891711e-01 -1.794349383570116530e+01 -9.552112161316026118e+01
6.873747494989979714e+03 -1.930388885886442571e-02 -8.099617225050892433e-02 8.326475871765617875e-02 -2.114524754772342874e+01 -1.034052739432865167e+02
6.893787575150300654e+03 -1.119849319364186156e-02 -7.102113430504571057e-02 7.189859364259765240e-02 -2.242006419498518000e+01 -9.896052809698714725e+01
6.913827655310621594e+03 -7.275888480798796062e-03 -6.728291529786294134e-02 6.767517450412979807e-02 -2.294588441985686700e+01 -9.617190887957951873e+01
6.933867735470941625e+03 -5.320915434846125967e-03 -6.547254624225500030e-02 6.568840424693694890e-02 -2.320469787014730656e+01 -9.464618344214348156e+01
6.953907815631262565e+03 -4.217189750459706191e-03 -6.469275298762451609e-02 6.483006230530080627e-02 -2.331894332609113718e+01 -9.372971886821341059e+01
6.973947895791583505e+03 -3.677698672280172148e-03 -6.375276594166198740e-02 6.385875533344216592e-02 -2.345006311612928585e+01 -9.330155618229433401e+01
6.993987975951903536e+03 -3.387418042004506757e-03 -6.341885334545670216e-02 6.350925570847010260e-02 -2.349773164397246461e+01 -9.305745828149295562e+01
7.014028056112224476e+03 -3.385129323781698677e-03 -6.293587959724626646e-02 6.302685174763059117e-02 -2.356395982104009690e+01 -9.307879877565449078e+01
7.034068136272545416e+03 -3.230740220280706610e-03 -6.269840934854126191e-02 6.278159138798718175e-02 -2.359782570574658678e+01 -9.294974324496490681e+01
7.054108216432865447e+03 -3.482885925021184451e-03 -6.242730545523494934e-02 6.252438692836513601e-02 -2.363348326523782816e+01 -9.319328218504794847e+01
7.074148296593186387e+03 -3.508841289687293207e-03 -6.222294405429171227e-02 6.232179982943152063e-02 -2.366167236373730276e+01 -9.322757307118511960e+01
7.094188376753507328e+03 -3.702309227103340455e-03 -6.199291165510760482e-02 6.210336697064878370e-02 -2.369216917885268714e+01 -9.341773005119424056e+01
7.114228456913828268e+03 -3.885471156780390904e-03 -6.175258263908003226e-02 6.187469877669370816e-02 -2.372421015217699392e+01 -9.360030309806529658e+01
7.134268537074148298e+03 -4.078814272136833952e-03 -6.148782920826822290e-02 6.162296541559608015e-02 -2.375962023438890469e+01 -9.379517314270104578e+01
7.154308617234469239e+03 -4.251817056027457596e-03 -6.132289999857796353e-02 6.147012292580453230e-02 -2.378119047360375760e+01 -9.396624950492275730e+01
7.174348697394790179e+03 -4.543808309508097845e-03 -6.100736111432413650e-02 6.117633777930078093e-02 -2.382280260371779335e+01 -9.425950640035887318e+01
7.194388777555110210e+03 -4.598847225750707715e-03 -6.080254773280772268e-02 6.097621836918190596e-02 -2.385126237108782021e+01 -9.432537451715278110e+01
7.214428857715431150e+03 -4.672984329134838126e-03 -6.045355173793687947e-02 6.063389069053502778e-02 -2.390016337633495880e+01 -9.442010293315611591e+01
7.234468937875752090e+03 -4.893083446540622515e-03 -6.031030577208139343e-02 6.050847253019005917e-02 -2.391814831008748143e+01 -9.463835020857592895e+01
7.254509018036072121e+03 -4.918407271312933565e-03 -5.999319769729336005e-02 6.019447233785697737e-02 -2.396333986978601160e+01 -9.468678404107728852e+01
7.274549098196393061e+03 -5.044903094274794456e-03 -5.969205338825959301e-02 5.990486027808976377e-02 -2.400523091464353698e+01 -9.483090050134131843e+01
7.294589178356714001e+03 -4.998399596845497228e-03 -5.946476555402056136e-02 5.967446975821717042e-02 -2.403870073095383475e+01 -9.480478741587019442e+01
7.314629258517034032e+03 -4.995239911581006269e-03 -5.934363849157147514e-02 5.955350410506988351e-02 -2.405632569998926584e+01 -9.481151930275331097e+01
7.334669338677354972e+03 -4.894043132500061101e-03 -5.905795803259183963e-02 5.926039204360826484e-02 -2.409918170025285988e+01 -9.473719014600065691e+01
7.354709418837675912e+03 -4.682875919611420405e-03 -5.888160296843424762e-02 5.906752487628715020e-02 -2.412749664836124452e+01 -9.454718380274270828e+01
7.374749498997995943e+03 -4.679785603729890407e-03 -5.872078454318198359e-02 5.890696843891797541e-02 -2.415113864617747552e+01 -9.455658844207714253e+01
7.394789579158316883e+03 -4.377609231203978893e-03 -5.875446865992595136e-02 5.891732385378126852e-02 -2.414961186440539009e+01 -9.426105381438077302e+01
7.414829659318637823e+03 -4.168833942227870640e-03 -5.877190823391214430e-02 5.891957547278544455e-02 -2.414927992569533899e+01 -9.405733295885349321e+01
7.434869739478957854e+03 -4.252995916762086250e-03 -5.883403098821193833e-02 5.898755103061897875e-02 -2.413926478451852375e+01 -9.413460688677304233e+01
7.454909819639278794e+03 -4.153265984566892159e-03 -5.881937338488548578e-02 5.896582318368103620e-02 -2.414246478933343099e+01 -9.403898056899967628e+01
7.474949899799599734e+03 -4.067625009684752192e-03 -5.886334603724723002e-02 5.900372089894095201e-02 -2.413688410516336091e+01 -9.395301753166260994e+01
7.494989979959919765e+03 -3.833360878577571872e-03 -5.913779477166532933e-02 5.926190535311040564e-02 -2.409895989491136348e+01 -9.370877129926185489e+01
7.515030060120240705e+03 -3.692548419819333735e-03 -5.906111307907504354e-02 5.917643105132312092e-02 -2.411149672215231021e+01 -9.357752185689598434e+01
7.535070140280561645e+03 -3.582976559993279915e-03 -5.908614743363563987e-02 5.919468337256977852e-02 -2.410881806781987535e+01 -9.347015955330118686e+01
7.555110220440881676e+03 -3.581152321900776207e-03 -5.933755914597135112e-02 5.944552613405237884e-02 -2.407208860150397101e+01 -9.345373720751778990e+01
7.575150300601202616e+03 -3.511985757420215976e-03 -5.950297487370364430e-02 5.960652701492454020e-02 -2.404859573937488193e+01 -9.337779397327376785e+01
7.595190380761523556e+03 -3.513551046553779669e-03 -5.957172567928430140e-02 5.967525066025813896e-02 -2.403858706786485300e+01 -9.337540499451297649e+01
7.615230460921843587e+03 -3.487447260312162307e-03 -5.981923684359624627e-02 5.992080928144847413e-02 -2.400291870083595569e+01 -9.333655355713770518e+01
7.635270541082164527e+03 -3.447343241992750773e-03 -5.999191095416914199e-02 6.009087747205121843e-02 -2.397830118960354184e+01 -9.328879743714951189e+01
7.655310621242485468e+03 -3.357764037854640924e-03 -6.014064683908162262e-02 6.023430900705219193e-02 -2.395759345400509943e+01 -9.319561211556792557e+01
7.675350701402805498e+03 -3.533321840237302770e-03 -6.022818034571261747e-02 6.033173353205079081e-02 -2.394355602126633187e+01 -9.335744262278959127e+01
7.695390781563126438e+03 -3.349189695863757487e-03 -6.046203935004224733e-02 6.055472957568994175e-02 -2.391151072567275548e+01 -9.317056001540183274e+01
7.715430861723447379e+03 -3.452676817013224011e-03 -6.059736778176937760e-02 6.069565025009421300e-02 -2.389132073569528103e+01 -9.326103525635483038e+01
7.735470941883767409e+03 -3.325235502999932240e-03 -6.077685926166816188e-02 6.086775675891982484e-02 -2.386672617755914771e+01 -9.313165568050240495e+01
7.755511022044088350e+03 -3.435215555395839705e-03 -6.090557703889942776e-02 6.100237716969188900e-02 -2.384753692308157724e+01 -9.322819431656216693e+01
7.775551102204409290e+03 -3.379799934872060579e-03 -6.115035147543431554e-02 6.124368157752203834e-02 -2.381324630955553090e+01 -9.316353776660859864e+01
7.795591182364729320e+03 -3.370551550245266727e-03 -6.129887082903601875e-02 6.139146669259257921e-02 -2.379231192265037009e+01 -9.314727013442731618e+01
7.815631262525050261e+03 -3.433000485391453881e-03 -6.156003476617349923e-02 6.165568402625331429e-02 -2.375500969964928544e+01 -9.319189089944624982e+01
7.835671342685371201e+03 -3.468118828297782862e-03 -6.165926875782166278e-02 6.175672653206673579e-02 -2.374078675000616201e+01 -9.321929570559251488e+01
7.855711422845691231e+03 -3.486239898352947071e-03 -6.204991894474778946e-02 6.214777799470097563e-02 -2.368595999228679005e+01 -9.321575037384648965e+01
7.875751503006012172e+03 -3.432389540123830310e-03 -6.221396563656487327e-02 6.230857740458232291e-02 -2.366351538990745240e+01 -9.315784828421226393e+01
7.895791583166333112e+03 -3.415415833246179290e-03 -6.247897766443461648e-02 6.257225995045175015e-02 -2.362683528837899161e+01 -9.312896185295697649e+01
7.915831663326653143e+03 -3.559539134771349048e-03 -6.263201363905623875e-02 6.273308099667108950e-02 -2.360453975627542889e+01 -9.325276809074718187e+01
7.935871743486974083e+03 -3.515746237849272978e-03 -6.292987732412272384e-02 6.302800910419181779e-02 -2.356380032427345128e+01 -9.319765818863491802e+01
7.955911823647295023e+03 -3.713369877685150037e-03 -6.313391622691248706e-02 6.324302723617286626e-02 -2.353421910558955332e+01 -9.336610803806333081e+01
7.975951903807615054e+03 -3.717488948336880941e-03 -6.339773541652179989e-02 6.350663414183048416e-02 -2.349809019184455394e+01 -9.335584241853402432e+01
7.995991983967935994e+03 -3.912136828119068196e-03 -6.366174758137400913e-02 6.378183847833569786e-02 -2.346053143777648131e+01 -9.351651377970971168e+01
8.016032064128256934e+03 -3.992751301990891608e-03 -6.388565427305438471e-02 6.401030295863144315e-02 -2.342947445173756904e+01 -9.357624317187776342e+01
8.036072144288576965e+03 -4.066219449478673288e-03 -6.415515941637560393e-02 6.428389083084412592e-02 -2.339242900803687775e+01 -9.362661392325446741e+01
8.056112224448897905e+03 -3.985815736416971865e-03 -6.453616339373151323e-02 6.465913015705578026e-02 -2.334187494855937217e+01 -9.353415362342494177e+01
8.076152304609218845e+03 -4.233645659214200878e-03 -6.470349528087572522e-02 6.484185420798890820e-02 -2.331736359829180927e+01 -9.374361143408587793e+01
8.096192384769538876e+03 -4.438243373695213365e-03 -6.505537109910340676e-02 6.520658949129458370e-02 -2.326864238895957371e+01 -9.390281675629954350e+01
8.116232464929859816e+03 -4.450907400031428596e-03 -6.526663358465012443e-02 6.541822403701152977e-02 -2.324049710987397432e+01 -9.390128860809690536e+01
8.136272545090180756e+03 -4.726391195202561506e-03 -6.565745487847887696e-02 6.582735111524370963e-02 -2.318634451606615698e+01 -9.411736882196335330e+01
8.156312625250500787e+03 -4.801579014524061037e-03 -6.587592788171130198e-02 6.605068535079063052e-02 -2.315692554033989126e+01 -9.416881517266436674e+01
8.176352705410821727e+03 -5.052004372579663866e-03 -6.626358541098120725e-02 6.645589138442854760e-02 -2.310380235284794637e+01 -9.435985511503898238e+01
8.196392785571142667e+03 -5.020099703058408455e-03 -6.661523446781324187e-02 6.680412310801168985e-02 -2.305840675213491764e+01 -9.430964304368146145e+01
8.216432865731463608e+03 -5.392235257145042669e-03 -6.714261263430690296e-02 6.735879031298724895e-02 -2.298658652321108775e+01 -9.459157976960815972e+01
8.236472945891784548e+03 -5.773493664348696916e-03 -6.738931727337341138e-02 6.763618344986400965e-02 -2.295089023767910419e+01 -9.489678529264075735e+01
8.256513026052103669e+03 -6.074470931777602341e-03 -6.782134704615455645e-02 6.809283598335399978e-02 -2.289244365799430270e+01 -9.511808376120733044e+01
8.276553106212424609e+03 -6.324074185753934645e-03 -6.822089496819166987e-02 6.851338865191211602e-02 -2.283896314323582999e+01 -9.529618051117714117e+01
8.296593186372745549e+03 -6.761192651305937204e-03 -6.867961773834108108e-02 6.901161944739979404e-02 -2.277602772956909050e+01 -9.562238968764862079e+01
8.316633266533066490e+03 -7.168516811022630775e-03 -6.905660302927378591e-02 6.942767499500915318e-02 -2.272381967022527505e+01 -9.592644166249810667e+01
8.336673346693387430e+03 -7.712612857884108136e-03 -6.951541816415626740e-02 6.994195993560022029e-02 -2.265971614417065538e+01 -9.633097319822033455e+01
8.356713426853708370e+03 -8.382735685904351211e-03 -6.980809928018719135e-02 7.030960803967124806e-02 -2.261417856882563271e+01 -9.684743689296760749e+01
8.376753507014027491e+03 -8.967589591049858130e-03 -7.048216275936222686e-02 7.105035489222226441e-02 -2.252314707490581469e+01 -9.725090074347671987e+01
8.396793587174348431e+03 -9.613320024604151900e-03 -7.086328634275161631e-02 7.151238545308262473e-02 -2.246684680315237870e+01 -9.772558812232257708e+01
8.416833667334669371e+03 -1.058104781145956068e-02 -7.122463169307745312e-02 7.200629647886999662e-02 -2.240706261979964609e+01 -9.844999252662144329e+01
8.436873747494990312e+03 -1.137044275594832794e-02 -7.157694181660548272e-02 7.247444769216268567e-02 -2.235077381776057948e+01 -9.902636783040645696e+01
8.456913827655311252e+03 -1.258195693354829253e-02 -7.185904452152766519e-02 7.295223039650371166e-02 -2.229370062009462572e+01 -9.993137014679621188e+01
8.476953907815632192e+03 -1.376162686842878798e-02 -7.197629043159251006e-02 7.328007067654081219e-02 -2.225475451528389215e+01 -1.008241276164943230e+02
8.496993987975951313e+03 -1.522414495059996528e-02 -7.210682692604136745e-02 7.369646585026287666e-02 -2.220553887465589327e+01 -1.019219500142643682e+02
8.517034068136272253e+03 -1.655811362488536151e-02 -7.197255963229914899e-02 7.385269437765606959e-02 -2.218714521857181765e+01 -1.029561100602098662e+02
8.537074148296593194e+03 -1.820397006466720896e-02 -7.169089250755773801e-02 7.396599620532058605e-02 -2.217382988801745114e+01 -1.042475995937349325e+02
8.557114228456914134e+03 -1.961108027768935017e-02 -7.122551869387795664e-02 7.387603794783484390e-02 -2.218440019161833021e+01 -1.053942454187455269e+02
8.577154308617235074e+03 -2.129381005182917619e-02 -7.040322448107939890e-02 7.355297658053439047e-02 -2.222246705224395669e+01 -1.068282058771959981e+02
8.597194388777556014e+03 -2.293529771145990520e-02 -6.942512635995080894e-02 7.311549802339059601e-02 -2.227428325536200759e+01 -1.082814984458786540e+02
8.617234468937875135e+03 -2.457535480206755538e-02 -6.792737982405476493e-02 7.223625816311990411e-02 -2.237936727694302164e+01 -1.098895486463760705e+02
8.637274549098196076e+03 -2.614060340625979154e-02 -6.627146581639967171e-02 7.124070695815414023e-02 -2.249990769497757270e+01 -1.115266233967897165e+02
8.657314629258517016e+03 -2.744147089143420329e-02 -6.417633408937242767e-02 6.979710725980106667e-02 -2.267772363243674150e+01 -1.131513031760073602e+02
8.677354709418837956e+03 -2.848249666043570910e-02 -6.181452607604695504e-02 6.806091573008711537e-02 -2.289651634491898591e+01 -1.147389986618065336e+02
8.697394789579158896e+03 -2.919160286136843196e-02 -5.905695160882826200e-02 6.587771406889689207e-02 -2.317970168759196170e+01 -1.163029935827445769e+02
8.717434869739479836e+03 -2.946213339462264505e-02 -5.615856126805780085e-02 6.341767346616195011e-02 -2.351026599570873543e+01 -1.176825853141576061e+02
8.737474949899798958e+03 -2.924067261877102281e-02 -5.303254051715954737e-02 6.055961764164561473e-02 -2.391080961630903090e+01 -1.188711239660945722e+02
8.757515030060119898e+03 -2.837313408724747091e-02 -4.988197617447267390e-02 5.738681281447492039e-02 -2.437822999993807827e+01 -1.196314498356173033e+02
8.777555110220440838e+03 -2.693458991440233694e-02 -4.668537108785925094e-02 5.389801487502251381e-02 -2.492301670731119856e+01 -1.199823041603219309e+02
8.797595190380761778e+03 -2.471684953440741322e-02 -4.384897184061172654e-02 5.033542472638227738e-02 -2.551699735566128169e+01 -1.194091470008704476e+02
8.817635270541082718e+03 -2.194587292948929277e-02 -4.132082179495644159e-02 4.678708852288031295e-02 -2.615195169254601382e+01 -1.179731871050087619e+02
8.837675350701403659e+03 -1.849396350606926157e-02 -3.959339620160134965e-02 4.369969918593034908e-02 -2.674490315691322095e+01 -1.150371453082851332e+02
8.857715430861722780e+03 -1.480513363087572649e-02 -3.871667892756961576e-02 4.145085293463332543e-02 -2.720380267657051121e+01 -1.109266934792811270e+02
8.877755511022043720e+03 -1.123136327986203400e-02 -3.895235083392668135e-02 4.053922984731631735e-02 -2.739696222911462797e+01 -1.060841734646285062e+02
8.897795591182364660e+03 -8.777441747238629022e-03 -4.032773189863452651e-02 4.127189653643641848e-02 -2.724138358290061745e+01 -1.022790767007012818e+02
8.917835671342685600e+03 -6.731630946953988046e-03 -3.991370800215360976e-02 4.047738802945627379e-02 -2.741022250394102500e+01 -9.957310884556400765e+01
8.937875751503006541e+03 -3.399924921154910511e-03 -4.109055633615597142e-02 4.123097512167639422e-02 -2.724999998411050228e+01 -9.473000680464149070e+01
8.957915831663327481e+03 -1.550216032409945264e-03 -4.316907546905195819e-02 4.319690089115010845e-02 -2.684542030566023030e+01 -9.205662699133152671e+01
8.977955911823646602e+03 -1.293755555723444912e-04 -4.482429934601544347e-02 4.482448605277677967e-02 -2.652416573092974872e+01 -9.016537130151834845e+01
8.997995991983967542e+03 8.190253252789250239e-04 -4.652367988790285375e-02 4.653088858807131328e-02 -2.619964518139089904e+01 -8.899144161294013600e+01
9.018036072144288482e+03 1.603258367189955074e-03 -4.811530145775872597e-02 4.814200527359618897e-02 -2.590398858345714928e+01 -8.809154343060558290e+01
9.038076152304609423e+03 1.911280443420486537e-03 -4.953188279833961594e-02 4.956874424959596681e-02 -2.565031376898080495e+01 -8.779023137184631764e+01
9.058116232464930363e+03 2.157490373035590454e-03 -5.070700505863997426e-02 5.075288294005259049e-02 -2.544525777135447697e+01 -8.756363882875677973e+01
9.078156312625251303e+03 2.163433147965650779e-03 -5.174575775917041043e-02 5.179096339185496750e-02 -2.526939231296296384e+01 -8.760592084209110908e+01
9.098196392785572243e+03 2.273560882055178454e-03 -5.248924885134974294e-02 5.253846518564594947e-02 -2.514492447531448605e+01 -8.751979556414761419e+01
9.118236472945891364e+03 2.382324305103913388e-03 -5.322819910508060082e-02 5.328148504935641822e-02 -2.502294568803024788e+01 -8.743733401859051924e+01
9.138276553106212305e+03 2.467865303966258056e-03 -5.381918781899161508e-02 5.387573977825655530e-02 -2.492660717394315029e+01 -8.737455556596300710e+01
9.158316633266533245e+03 2.583263341178736010e-03 -5.442726320526174860e-02 5.448853300929212135e-02 -2.482836979410539868e+01 -8.728262846489717219e+01
9.178356713426854185e+03 2.743704423693986601e-03 -5.486089471495753100e-02 5.492946097396417260e-02 -2.475836536007818012e+01 -8.713690752562159503e+01
9.198396793587175125e+03 2.912857350322103391e-03 -5.539601471220809842e-02 5.547254441558004817e-02 -2.467291037453410851e+01 -8.699002045784773429e+01
9.218436873747496065e+03 3.122108643188917232e-03 -5.586998331179063998e-02 5.595714965613991787e-02 -2.459736041973755150e+01 -8.680154204029872744e+01
9.238476953907815187e+03 3.200502077599893993e-03 -5.632811459223518308e-02 5.641896584540254805e-02 -2.452596967951099316e+01 -8.674801280797886704e+01
9.258517034068136127e+03 3.402003187353412964e-03 -5.676868852700153040e-02 5.687053387091137169e-02 -2.445672600174905043e+01 -8.657051110687298490e+01
9.278557114228457067e+03 3.495993707055990770e-03 -5.717771249993375271e-02 5.728448986178418662e-02 -2.439373110770709729e+01 -8.650114309322542283e+01
9.298597194388778007e+03 3.722624465075434659e-03 -5.758533744467141807e-02 5.770553718253262215e-02 -2.433012234095009774e+01 -8.630124077859177589e+01
9.318637274549098947e+03 3.866058728435002329e-03 -5.798141520849586783e-02 5.811016193121220502e-02 -2.426943039265321289e+01 -8.618530433971862692e+01
9.338677354709419888e+03 4.044724688473075834e-03 -5.836481448493210239e-02 5.850479781749599179e-02 -2.421064244901419826e+01 -8.603569842419032909e+01
9.358717434869739009e+03 4.165440307799810234e-03 -5.876186413018356924e-02 5.890931648739439891e-02 -2.415079243105200746e+01 -8.594526824922537855e+01
9.378757515030059949e+03 4.282100140320152688e-03 -5.914440649376233317e-02 5.929921754214911855e-02 -2.409349284873416508e+01 -8.585896736212173153e+01
9.398797595190380889e+03 4.330053717360282661e-03 -5.941793767644448776e-02 5.957550405088544304e-02 -2.405311759632874669e+01 -8.583196550869503483e+01
9.418837675350701829e+03 4.490153001255597388e-03 -5.980253395267131483e-02 5.997086410195445749e-02 -2.399566597577574356e+01 -8.570611837562003643e+01
9.438877755511022769e+03 4.488907304827520310e-03 -6.007186190438028317e-02 6.023934662203989099e-02 -2.395686705174529862e+01 -8.572647970150430297e+01
9.458917835671343710e+03 4.421302620265864930e-03 -6.037963501928778065e-02 6.054129369217652740e-02 -2.391343816472016215e+01 -8.581198747152221529e+01
9.478957915831662831e+03 4.791627419900516827e-03 -6.044102184273880685e-02 6.063065903258492428e-02 -2.390062632819308064e+01 -8.546720056402482157e+01
9.498997995991983771e+03 4.895939089571657576e-03 -6.061391942622316314e-02 6.081132664049905545e-02 -2.387478254685963464e+01 -8.538210072383928662e+01
9.519038076152304711e+03 5.170009834677282735e-03 -6.073134671812226160e-02 6.095100881763516193e-02 -2.385485414284762129e+01 -8.513418870166303520e+01
9.539078156312625651e+03 5.403511328030418531e-03 -6.074358323494963297e-02 6.098344725327854710e-02 -2.385023269805250834e+01 -8.491657231455648969e+01
9.559118236472946592e+03 5.812487333396280931e-03 -6.082360655656495613e-02 6.110070477129296573e-02 -2.383354771221284807e+01 -8.454121924344183014e+01
9.579158316633267532e+03 6.286806502165022056e-03 -6.085931602209022212e-02 6.118316992991056080e-02 -2.382183262096189580e+01 -8.410222816655927147e+01
9.599198396793586653e+03 6.867399387063564085e-03 -6.096945330054001633e-02 6.135499498906483301e-02 -2.379747360628241637e+01 -8.357347767520141701e+01
9.619238476953907593e+03 7.483829552928114755e-03 -6.118692465321178692e-02 6.164290270010892164e-02 -2.375681048571932052e+01 -8.302673563543794444e+01
9.639278557114228533e+03 8.248509797470890761e-03 -6.141483508124208346e-02 6.196628020088939398e-02 -2.371136357594618715e+01 -8.235048919772960119e+01
9.659318637274549474e+03 9.116145516127924231e-03 -6.188851412201865770e-02 6.255631294523776587e-02 -2.362904923400133939e+01 -8.162061801913266379e+01
9.679358717434870414e+03 1.001398981525086079e-02 -6.243535625805977235e-02 6.323332747128519726e-02 -2.353555138762265742e+01 -8.088795200103757566e+01
9.699398797595191354e+03 1.090643560099415973e-02 -6.320039343337435778e-02 6.413454660050182943e-02 -2.341263152900780398e+01 -8.020895112996679188e+01
9.719438877755510475e+03 1.162247233196437614e-02 -6.419411546444982186e-02 6.523776761485937381e-02 -2.326449027764451216e+01 -7.973765404282329428e+01
9.739478957915831415e+03 1.235146101145326997e-02 -6.539600416474151967e-02 6.655220469550456042e-02 -2.309122316463978919e+01 -7.930443466449956702e+01
9.759519038076152356e+03 1.282490049252144569e-02 -6.662568014442088460e-02 6.784879753797966317e-02 -2.292362900167545092e+01 -7.910429808155392095e+01
9.779559118236473296e+03 1.297951867832731858e-02 -6.801301883453099439e-02 6.924044075616009319e-02 -2.274727563073382086e+01 -7.919565829168874416e+01
9.799599198396794236e+03 1.314811175797806278e-02 -6.928174363522739132e-02 7.051831566293717546e-02 -2.258843349410135559e+01 -7.925434101345024374e+01
9.819639278557115176e+03 1.294393283701925079e-02 -7.055110300253278344e-02 7.172867998341565798e-02 -2.244061533325991320e+01 -7.960362788238714415e+01
9.839679358717434297e+03 1.274231587442679198e-02 -7.154033006803992012e-02 7.266626067225261110e-02 -2.232781585696607252e+01 -7.990074351069043246e+01
9.859719438877755238e+03 1.236925309378988924e-02 -7.256944088275359139e-02 7.361604561597762109e-02 -2.221502240517354565e+01 -8.032705731614002787e+01
9.879759519038076178e+03 1.202379897843111438e-02 -7.347604109879797563e-02 7.445334349393564755e-02 -2.211678799595073031e+01 -8.070635207844406978e+01
9.899799599198397118e+03 1.164875481299431671e-02 -7.432094479024059508e-02 7.522829469825331739e-02 -2.202684776199791727e+01 -8.109217036695316949e+01
9.919839679358718058e+03 1.125909922198117807e-02 -7.490614245030870200e-02 7.574759066845861144e-02 -2.196709563319024738e+01 -8.145189653419177489e+01
9.939879759519038998e+03 1.095024810960926014e-02 -7.552858987900412657e-02 7.631825353591896455e-02 -2.190190363715798583e+01 -8.175065102568562736e+01
9.959919839679358120e+03 1.059828283749535832e-02 -7.609900381023032567e-02 7.683346913951626111e-02 -2.184346325299124913e+01 -8.207143437809544650e+01
9.979959919839679060e+03 1.041144356727632773e-02 -7.670715608420175524e-02 7.741050285123246555e-02 -2.177847433375064412e+01 -8.227049266264376115e+01
1.000000000000000000e+04 1.033444092601640447e-02 -7.728183846869653151e-02 7.796975840898204280e-02 -2.171594833474258479e+01 -8.238336201119093971e+01
