# f X Y R logR theta
1.000000000000000000e+03 2.256230888315454222e-02 -2.796069719894072290e-03 2.273490241935036127e-02 -3.242061021564816770e+01 -7.064451983487170850e+00
1.090909090909090992e+03 2.209130518240728924e-02 -2.905396130331658854e-03 2.228154149372079187e-02 -3.259556744301534792e+01 -7.492404249624528667e+00
1.181818181818181756e+03 2.175499629953127692e-02 -3.282410096082049797e-03 2.200122905729316042e-02 -3.270553325488648255e+01 -8.580111882053479633e+00
1.272727272727272748e+03 2.293342077448508320e-02 -3.827233513762513199e-03 2.325058074088582477e-02 -3.222579600692434809e+01 -9.474467950266523886e+00
1.363636363636363512e+03 2.264374392805029723e-02 -3.896801860216602461e-03 2.297660122422161277e-02 -3.232875636958713272e+01 -9.764487864326401478e+00
1.454545454545454504e+03 2.261214253691844547e-02 -3.882255272514489961e-03 2.294299230943695408e-02 -3.234147091491895765e+01 -9.742071255976648914e+00
1.545454545454545496e+03 2.309837085916489202e-02 -4.585885989755238319e-03 2.354920564814345224e-02 -3.211494686029719503e+01 -1.122932140703483128e+01
1.636363636363636488e+03 2.313154605548410278e-02 -4.352266321470027281e-03 2.353743072321158245e-02 -3.211929101008016119e+01 -1.065578618619946560e+01
1.727272727272727252e+03 2.324774429398652337e-02 -4.425566857326017171e-03 2.366523308077157772e-02 -3.207225638125431999e+01 -1.077817386174830538e+01
1.818181818181818016e+03 2.359899921476135004e-02 -5.426092283413566468e-03 2.421477320576071596e-02 -3.187286398931133746e+01 -1.294889621016483261e+01
1.909090909090909008e+03 2.380874536768289376e-02 -5.231697167949244352e-03 2.437677196103474678e-02 -3.181494821329531320e+01 -1.239312469269911965e+01
2.000000000000000000e+03 2.407902066425324575e-02 -5.176474533260802188e-03 2.462915192902574366e-02 -3.172548295050969358e+01 -1.213270907711375735e+01
2.090909090909090992e+03 2.444172752571503043e-02 -5.842078528998098479e-03 2.513021937787802626e-02 -3.155054650886692258e+01 -1.344266699764484940e+01
2.181818181818181984e+03 2.475813330652051197e-02 -6.088170689308953186e-03 2.549570526903700146e-02 -3.142513150497512697e+01 -1.381525474529864539e+01
2.272727272727272975e+03 2.467358540994713315e-02 -6.198177654138541971e-03 2.544018913479651270e-02 -3.144406539086175201e+01 -1.410131358621257291e+01
2.363636363636363512e+03 2.572529571330034112e-02 -6.455512668775911442e-03 2.652290488150713804e-02 -3.108205034994531601e+01 -1.408693674724768741e+01
2.454545454545454504e+03 2.585140717762693385e-02 -6.831986498373895066e-03 2.673894711048706296e-02 -3.101158606154946540e+01 -1.480362566940661750e+01
2.545454545454545496e+03 2.576984751087777262e-02 -7.150036840134878571e-03 2.674337427381181034e-02 -3.101014805919126616e+01 -1.550707224398015782e+01
2.636363636363636033e+03 2.703822693165283328e-02 -7.355647127108507627e-03 2.802090755607491296e-02 -3.060482815900712694e+01 -1.521879186356244595e+01
2.727272727272727025e+03 2.710472216999261150e-02 -7.835417072093892391e-03 2.821453038074795555e-02 -3.054501558551264040e+01 -1.612349289100272287e+01
2.818181818181818016e+03 2.718398303014926340e-02 -7.940596650148066746e-03 2.831999308869594112e-02 -3.051260924515508322e+01 -1.628338509734323480e+01
2.909090909090909008e+03 2.860177015142482959e-02 -8.478621956804256038e-03 2.983200104051586185e-02 -3.006082439575518706e+01 -1.651177038730054036e+01
3.000000000000000000e+03 2.881458979666047873e-02 -8.817487835678650132e-03 3.013351418076144761e-02 -2.997347646181044922e+01 -1.701451681254470216e+01
3.090909090909090992e+03 2.909753710844394450e-02 -8.907009770039204730e-03 3.043027257224039522e-02 -2.988835525638570800e+01 -1.701980626951955955e+01
3.181818181818181984e+03 3.027634551124063975e-02 -9.617533630074299317e-03 3.176718512304216313e-02 -2.951489742817665274e+01 -1.762288430482589874e+01
3.272727272727272521e+03 3.075524863403414702e-02 -1.004784141556734796e-02 3.235497543892823513e-02 -2.935565061617879223e+01 -1.809238622779529848e+01
3.363636363636363512e+03 3.133533936474030418e-02 -1.029343259149622346e-02 3.298269618480453858e-02 -2.918874901876882788e+01 -1.818497821393192737e+01
3.454545454545454504e+03 3.241369262239628124e-02 -1.092190243024337461e-02 3.420431876408216998e-02 -2.887285320278673240e+01 -1.862141635145732010e+01
3.545454545454545496e+03 3.307071501546907794e-02 -1.156669298424697553e-02 3.503513348377882558e-02 -2.866439657590227696e+01 -1.927760927559778281e+01
3.636363636363636488e+03 3.394858292578437076e-02 -1.207349465583318175e-02 3.603159108162295315e-02 -2.842080330367398844e+01 -1.957745191505908977e+01
3.727272727272727025e+03 3.519051404832344160e-02 -1.268992652494340193e-02 3.740864223937714200e-02 -2.809503319369589747e+01 -1.982963113604709093e+01
3.818181818181818016e+03 3.613250170378790732e-02 -1.368376032699484407e-02 3.863680856464304231e-02 -2.781444718362350699e+01 -2.074220652022133038e+01
3.909090909090909008e+03 3.726804887825518886e-02 -1.440781860526555921e-02 3.995613474992613240e-02 -2.752280272389226923e+01 -2.113648966778019300e+01
4.000000000000000000e+03 3.864816548570734756e-02 -1.511075898061106995e-02 4.149717740257448384e-02 -2.719410095716197162e+01 -2.135463202769814117e+01
4.090909090909090992e+03 3.983187571418708023e-02 -1.640695041224052297e-02 4.307860657844176516e-02 -2.686923916269205037e+01 -2.238700968775572164e+01
4.181818181818181984e+03 4.120743203147143874e-02 -1.746375224589231251e-02 4.475528010340508456e-02 -2.653758651519669343e+01 -2.296728096774944206e+01
4.272727272727272066e+03 4.292240791563396024e-02 -1.849542736564603260e-02 4.673771426496983739e-02 -2.616112272273758066e+01 -2.331139220014124547e+01
4.363636363636363967e+03 4.451736568663229587e-02 -2.031028138749612841e-02 4.893161940623484002e-02 -2.576268032376695771e+01 -2.452402611645251440e+01
4.454545454545454049e+03 4.620565476050808584e-02 -2.192252806404237225e-02 5.114254362628035261e-02 -2.537882561969613349e+01 -2.538225937994724291e+01
4.545454545454545951e+03 4.816140672153865904e-02 -2.343129001202104433e-02 5.355881299118667171e-02 -2.497785323975800864e+01 -2.594365810394751293e+01
4.636363636363636033e+03 5.016910618000028355e-02 -2.600621101779096098e-02 5.650895704578182133e-02 -2.451212626894718838e+01 -2.740091494852548593e+01
4.727272727272727025e+03 5.225865174547266595e-02 -2.848672136469435762e-02 5.951856833261639362e-02 -2.406142258402675083e+01 -2.859524957895117581e+01
4.818181818181818016e+03 5.434579637645286371e-02 -3.101598506305866532e-02 6.257361195602149928e-02 -2.362664761345228470e+01 -2.971407009509762531e+01
4.909090909090909008e+03 5.680837857898230620e-02 -3.501443630240717170e-02 6.673232070255240289e-02 -2.306774754049014220e+01 -3.164803712075133646e+01
5.000000000000000000e+03 5.902807916846550262e-02 -3.898211308821475374e-02 7.073838612197053122e-02 -2.256136916027298156e+01 -3.344075197782190401e+01
5.090909090909090992e+03 6.106021096852456975e-02 -4.329264050670297154e-02 7.485053163180169222e-02 -2.207057431976054218e+01 -3.533723459784471999e+01
5.181818181818181984e+03 6.341067823330658049e-02 -4.942768226156146055e-02 8.039906646073582963e-02 -2.144945198486386317e+01 -3.793588600280126144e+01
5.272727272727272975e+03 6.501157724051356834e-02 -5.586263369559157921e-02 8.571545379164194345e-02 -2.089328953163402147e+01 -4.067154775721338922e+01
5.363636363636363967e+03 6.571239057067243539e-02 -6.298717098623393684e-02 9.102473281126217952e-02 -2.037128384967815009e+01 -4.378694031695680877e+01
5.454545454545454049e+03 6.627349906438359528e-02 -7.247884230178157361e-02 9.821078993493218001e-02 -1.971128802177373274e+01 -4.756070074483167076e+01
5.545454545454545041e+03 6.467458951019197655e-02 -8.223659827318721693e-02 1.046215112864338770e-01 -1.916205232098354827e+01 -5.181688443039297454e+01
5.636363636363636033e+03 6.039035074831922145e-02 -9.223898348447163997e-02 1.102498278354830386e-01 -1.870691370672692955e+01 -5.678658405910632467e+01
5.727272727272727025e+03 5.527491537860856202e-02 -1.039432489880598998e-01 1.177264425705038947e-01 -1.813699168957711905e+01 -6.199685896166815269e+01
5.818181818181818016e+03 4.583781939823704937e-02 -1.141267088722071193e-01 1.229878504779513548e-01 -1.775722788202908831e+01 -6.811764578645009749e+01
5.909090909090909008e+03 3.257267678274582134e-02 -1.221495571924342965e-01 1.264179322529086769e-01 -1.751829845499694827e+01 -7.506881862905436265e+01
6.000000000000000000e+03 1.944165174451775377e-02 -1.282728670656741454e-01 1.297378366083049017e-01 -1.729313907078332591e+01 -8.138157089427137691e+01
6.090909090909090992e+03 3.444593664957923927e-03 -1.295736076168265694e-01 1.296193851873862490e-01 -1.730107296237873271e+01 -8.847720372967913249e+01
6.181818181818181984e+03 -1.269400393561231390e-02 -1.268302311095591828e-01 1.274638978661077060e-01 -1.744672820296307236e+01 -9.571550458727870136e+01
6.272727272727272975e+03 -2.467422799510966824e-02 -1.215841244400153731e-01 1.240625521380235019e-01 -1.768165788661535842e+01 -1.014717867409736272e+02
6.363636363636363058e+03 -3.585528009286716861e-02 -1.134418050502144365e-01 1.189732921440304347e-01 -1.804548252100018857e+01 -1.075400581242267606e+02
6.454545454545454049e+03 -4.467662539416813322e-02 -1.044667201410158508e-01 1.136190849885359566e-01 -1.844544635696621171e+01 -1.131546380426074165e+02
6.545454545454545041e+03 -4.920708114965675894e-02 -9.534326275000093442e-02 1.072924721827427236e-01 -1.894308706145929477e+01 -1.172984595244573853e+02
6.636363636363636033e+03 -5.279056946853086935e-02 -8.641313123550603548e-02 1.012623991160419429e-01 -1.944550785560078410e+01 -1.214211382627647851e+02
6.727272727272727025e+03 -5.519633050716164779e-02 -7.836442133766091667e-02 9.585206013979181983e-02 -1.992244307443668561e+01 -1.251591227028568767e+02
6.818181818181818016e+03 -5.512010007812294388e-02 -7.111083684730988563e-02 8.997208761469867311e-02 -2.047231615589627296e+01 -1.277803158914022248e+02
6.909090909090909008e+03 -5.518612835159895924e-02 -6.477558654718422460e-02 8.509632997357116646e-02 -2.095625550023001082e+01 -1.304296281389952981e+02
7.000000000000000000e+03 -5.480073508120240217e-02 -5.933230236489991927e-02 8.076783189711134181e-02 -2.140970360594623756e+01 -1.327263079978240228e+02
7.090909090909090992e+03 -5.330032379644322055e-02 -5.445248255875258930e-02 7.619709557205540940e-02 -2.191570375538107740e+01 -1.343873819069272031e+02
7.181818181818181984e+03 -5.217048076347520491e-02 -5.034545985204390284e-02 7.250120268523757572e-02 -2.234756788739711908e+01 -1.360198896950677465e+02
7.272727272727272975e+03 -5.107072841626997262e-02 -4.690972023076628999e-02 6.934508744746933906e-02 -2.273415810257284875e+01 -1.374317610498323745e+02
7.363636363636363058e+03 -4.932492697235552753e-02 -4.356157656045623466e-02 6.580698574817643587e-02 -2.318903213293590682e+01 -1.385504928794763941e+02
7.454545454545454049e+03 -4.798801875948706386e-02 -4.103128466483273173e-02 6.313807302814537781e-02 -2.354864564366590329e+01 -1.394685031380958264e+02
7.545454545454545041e+03 -4.680064597023252809e-02 -3.873185151383255753e-02 6.074912991081119623e-02 -2.388367086453112265e+01 -1.403891065425703744e+02
7.636363636363636033e+03 -4.517540347776655141e-02 -3.649014880492642415e-02 5.807192126307408192e-02 -2.427514821464428252e+01 -1.410706734649732255e+02
7.727272727272727025e+03 -4.394326654945494848e-02 -3.476347768968485186e-02 5.603133102218492423e-02 -2.458585332098946452e+01 -1.416525113246259195e+02
7.818181818181818016e+03 -4.282561696954018809e-02 -3.334087410583534694e-02 5.427381831936030354e-02 -2.486266457535023022e+01 -1.420982998888465829e+02
7.909090909090909008e+03 -4.154836296174423127e-02 -3.176098594484080134e-02 5.229748266397928752e-02 -2.518485641311773904e+01 -1.426044702125791446e+02
8.000000000000000000e+03 -4.043799693660169586e-02 -3.068328756784629782e-02 5.076116362156958550e-02 -2.544384072438649014e+01 -1.428097303787614294e+02
8.090909090909090992e+03 -3.952902914406881268e-02 -2.967153715488878019e-02 4.942614957900914874e-02 -2.567533652278944700e+01 -1.431071356122633915e+02
8.181818181818181984e+03 -3.839641419146289092e-02 -2.851271670589710511e-02 4.782530331020512504e-02 -2.596131744531639640e+01 -1.434028632897713180e+02
8.272727272727272066e+03 -3.749838546760174418e-02 -2.782147652677204736e-02 4.669222064548412404e-02 -2.616958152322155229e+01 -1.434268766226411458e+02
8.363636363636363967e+03 -3.664846137739345699e-02 -2.707746371855099254e-02 4.556642143903495701e-02 -2.638157365407806410e+01 -1.435414128133242286e+02
8.454545454545454049e+03 -3.576393567846211652e-02 -2.622956842934240015e-02 4.435143013706244891e-02 -2.661631953646011084e+01 -1.437433679825790591e+02
8.545454545454544132e+03 -3.505473340862475667e-02 -2.577683380269222072e-02 4.351183166957429960e-02 -2.678232479191284909e+01 -1.436718007179176482e+02
8.636363636363636033e+03 -3.432809576507259847e-02 -2.520397834028523937e-02 4.258707178280238259e-02 -2.696891651129424616e+01 -1.437135696692676845e+02
8.727272727272727934e+03 -3.358242316281002254e-02 -2.458074181973315259e-02 4.161720814632353244e-02 -2.716901325396126410e+01 -1.437976407765237923e+02
8.818181818181818016e+03 -3.301923297697845899e-02 -2.428894899851988601e-02 4.099052073151403242e-02 -2.730080339575987125e+01 -1.436617988216091248e+02
8.909090909090908099e+03 -3.241260393143833435e-02 -2.392720501970700686e-02 4.028756673803201432e-02 -2.745105134681932313e+01 -1.435650038413063783e+02
9.000000000000000000e+03 -3.181839854878722174e-02 -2.345383793552976298e-02 3.952838220969281946e-02 -2.761629130173099966e+01 -1.436054934911543910e+02
9.090909090909091901e+03 -3.129132058821128270e-02 -2.327431058127758801e-02 3.899795221787914767e-02 -2.773363604925950909e+01 -1.433583341504968018e+02
9.181818181818181984e+03 -3.080182095611191592e-02 -2.299111630562969064e-02 3.843622774403553100e-02 -2.785965694537834381e+01 -1.432615789715992207e+02
9.272727272727272066e+03 -3.034201874266113583e-02 -2.260617469464615975e-02 3.783751096074978310e-02 -2.799602091036017626e+01 -1.433122248087021546e+02
9.363636363636363967e+03 -2.987816339062688772e-02 -2.251721490677393786e-02 3.741296051844653775e-02 -2.809403059300084848e+01 -1.429970599081522380e+02
9.454545454545454049e+03 -2.946970120148409075e-02 -2.229596650669450619e-02 3.695366573660042314e-02 -2.820132158392712896e+01 -1.428898515096229289e+02
9.545454545454545951e+03 -2.914989303266130732e-02 -2.200632196479057959e-02 3.652388903489906663e-02 -2.830293181261035329e+01 -1.429495081833467509e+02
9.636363636363636033e+03 -2.874725362007399254e-02 -2.202535646546238679e-02 3.621492673094262732e-02 -2.837671988808078538e+01 -1.425416553313073962e+02
9.727272727272727934e+03 -2.842879543033546841e-02 -2.190084484241184085e-02 3.588653528039813245e-02 -2.845584149093120274e+01 -1.423902281194638704e+02
9.818181818181818016e+03 -2.811938671310914434e-02 -2.162585728878977862e-02 3.547361854387681007e-02 -2.855636227291373785e+01 -1.424370923787163861e+02
9.909090909090908099e+03 -2.780170628813981304e-02 -2.166988681325808519e-02 3.524938108721073493e-02 -2.861144218576413323e+01 -1.420655632576178675e+02
1.000000000000000000e+04 -2.755940538926027888e-02 -2.156415534772329265e-02 3.499333681246090400e-02 -2.867476496795423202e+01 -1.419582117530769665e+02
