# f X Y R logR theta
1.000000000000000000e+03 2.261318339058766835e-02 -2.768346751262332813e-03 2.278200620646861699e-02 -3.240263278902361321e+01 -6.979523472021942787e+00
1.090909090909090992e+03 2.212081821104161516e-02 -2.813939307267751717e-03 2.229907739685516033e-02 -3.258873420781247177e+01 -7.249530479516447024e+00
1.181818181818181756e+03 2.150944882887741508e-02 -3.361884589535666257e-03 2.177059156099010045e-02 -3.279706750457545184e+01 -8.883345751986965411e+00
1.272727272727272748e+03 2.265076955083877852e-02 -3.656719472465309179e-03 2.294403971722312058e-02 -3.234107439032207054e+01 -9.170654103549475522e+00
1.363636363636363512e+03 2.265170236644925214e-02 -3.694231478077173413e-03 2.295096874451749494e-02 -3.233845167517929298e+01 -9.262732588129576783e+00
1.454545454545454504e+03 2.279681867253620722e-02 -3.895534824289176822e-03 2.312725952541168015e-02 -3.227198862762678289e+01 -9.697077534471546301e+00
1.545454545454545496e+03 2.331677579144714185e-02 -4.512294375533708324e-03 2.374937544105294382e-02 -3.204142824430312686e+01 -1.095257051825628203e+01
1.636363636363636488e+03 2.324403770695600974e-02 -4.147119885697470552e-03 2.361109680359512950e-02 -3.209214887018688245e+01 -1.011606906088642965e+01
1.727272727272727252e+03 2.342155594841698399e-02 -4.391216972364138729e-03 2.382964686148760294e-02 -3.201211997663521203e+01 -1.061888778168611225e+01
1.818181818181818016e+03 2.350137260111263143e-02 -5.348993884234288024e-03 2.410241169903757502e-02 -3.191326209645284351e+01 -1.282228402346392393e+01
1.909090909090909008e+03 2.367392859428019830e-02 -5.274529886412780873e-03 2.425439260442815298e-02 -3.185866404197389556e+01 -1.256030087561366315e+01
2.000000000000000000e+03 2.416771821366199557e-02 -5.173934878836623091e-03 2.471534352958525485e-02 -3.169513907994713975e+01 -1.208373631980865426e+01
2.090909090909090992e+03 2.462009831742916974e-02 -5.690012991405810246e-03 2.526906189398896857e-02 -3.150268972232642284e+01 -1.301328996841595753e+01
2.181818181818181984e+03 2.475838146199708240e-02 -6.043181290586471452e-03 2.548524068414216928e-02 -3.142869731683216017e+01 -1.371690260099393477e+01
2.272727272727272975e+03 2.475157794675407474e-02 -6.255850276885853954e-03 2.552990939155592304e-02 -3.141348663681071685e+01 -1.418420057770621767e+01
2.363636363636363512e+03 2.567459526977455830e-02 -6.404478975681870273e-03 2.646133392738697979e-02 -3.110223743822474063e+01 -1.400647808667532601e+01
2.454545454545454504e+03 2.593826159746485949e-02 -6.777938210374100797e-03 2.680921224284983292e-02 -3.098879104701434528e+01 -1.464452149750099252e+01
2.545454545454545496e+03 2.574930558669397823e-02 -7.167577715729231587e-03 2.672827919092375659e-02 -3.101505212401928091e+01 -1.555507770755895969e+01
2.636363636363636033e+03 2.690750724343994246e-02 -7.293564359335123065e-03 2.787848681545569002e-02 -3.064908815594632685e+01 -1.516619753108307123e+01
2.727272727272727025e+03 2.697197054800396648e-02 -8.048726002155339246e-03 2.814727669775825628e-02 -3.056574445762415593e+01 -1.661566899505055162e+01
2.818181818181818016e+03 2.704124518191075230e-02 -8.073898240065977006e-03 2.822085707024419785e-02 -3.054306812206990074e+01 -1.662442358236482320e+01
2.909090909090909008e+03 2.870881941872347604e-02 -8.403462045028954955e-03 2.991344993074380315e-02 -3.003714204008025135e+01 -1.631547148297976335e+01
3.000000000000000000e+03 2.867474523117511526e-02 -8.924866274622094212e-03 3.003155427367499436e-02 -3.000291591466940133e+01 -1.728848364342206168e+01
3.090909090909090992e+03 2.926683338662814174e-02 -8.886557401396939782e-03 3.058624591101324203e-02 -2.984394858777810100e+01 -1.689034557574764150e+01
3.181818181818181984e+03 3.023645073435263578e-02 -9.600335750736609802e-03 3.172395624032105926e-02 -2.952672526287771149e+01 -1.761509541091187714e+01
3.272727272727272521e+03 3.070003941833904237e-02 -9.916355105993673869e-03 3.226184307933658429e-02 -2.938068861637272278e+01 -1.790086621403967726e+01
3.363636363636363512e+03 3.152172388790294710e-02 -1.028502992331251781e-02 3.315721516334906721e-02 -2.914291115553357869e+01 -1.807066905800747847e+01
3.454545454545454504e+03 3.241466835886459841e-02 -1.102552303738606708e-02 3.423847080497476048e-02 -2.886418491545959597e+01 -1.878521955771487839e+01
3.545454545454545496e+03 3.305716688436174250e-02 -1.165220468702407933e-02 3.505067982919658764e-02 -2.866054318999133343e+01 -1.941686556718709866e+01
3.636363636363636488e+03 3.370159469547696213e-02 -1.196811624023524749e-02 3.576357492418764245e-02 -2.848565361904434923e+01 -1.955097703771286177e+01
3.727272727272727025e+03 3.515017205366661318e-02 -1.274065046500820128e-02 3.738794952486534928e-02 -2.809983915169230784e+01 -1.992372658019037246e+01
3.818181818181818016e+03 3.624983830712603938e-02 -1.362539350459756986e-02 3.872598772720861615e-02 -2.779442203602578232e+01 -2.059996545887387498e+01
3.909090909090909008e+03 3.726707488634357218e-02 -1.440735302951150557e-02 3.995505840192595942e-02 -2.752303670963502924e+01 -2.113637058638104804e+01
4.000000000000000000e+03 3.859254448045823516e-02 -1.508394378952239608e-02 4.143561088872250303e-02 -2.720699718443163562e+01 -2.134810484740083680e+01
4.090909090909090992e+03 3.984031658709720480e-02 -1.634327905623257290e-02 4.306220612172607931e-02 -2.687254659744457541e+01 -2.230440019496176163e+01
4.181818181818181984e+03 4.127331362981994517e-02 -1.739350581153490533e-02 4.478861978674247152e-02 -2.653111851852079539e+01 -2.285165574407166389e+01
4.272727272727272066e+03 4.287056124813583974e-02 -1.846928766449609099e-02 4.667975587515506286e-02 -2.617190058348180415e+01 -2.330711012356397305e+01
4.363636363636363967e+03 4.452935702376981109e-02 -2.031374056881905463e-02 4.894396482558030503e-02 -2.576048915522619254e+01 -2.452188363103966751e+01
4.454545454545454049e+03 4.619791488076684799e-02 -2.192869650233600365e-02 5.113819579944273164e-02 -2.537956407239625989e+01 -2.539222064675020007e+01
4.545454545454545951e+03 4.811967087918879449e-02 -2.351072380115066390e-02 5.355610944771326681e-02 -2.497829169743901190e+01 -2.603960850254232540e+01
4.636363636363636033e+03 5.020809155823170028e-02 -2.599935802761782488e-02 5.654041984074784782e-02 -2.450729152541542888e+01 -2.737656821721760991e+01
4.727272727272727025e+03 5.226527775051035413e-02 -2.831027503488979524e-02 5.944014578455453918e-02 -2.407287478744597919e+01 -2.844285764317822895e+01
4.818181818181818016e+03 5.433745749261428143e-02 -3.104034317382045258e-02 6.257844829580073986e-02 -2.362597630347126909e+01 -2.973722392298154205e+01
4.909090909090909008e+03 5.682192196184537164e-02 -3.504689217224095377e-02 6.676088275607752753e-02 -2.306403069435695130e+01 -3.166565049991399761e+01
5.000000000000000000e+03 5.916410946809665811e-02 -3.891365310470945582e-02 7.081429408746929555e-02 -2.255205350092697714e+01 -3.333387828927114782e+01
5.090909090909090992e+03 6.098261902292258924e-02 -4.320903452906584008e-02 7.473888203491489690e-02 -2.208354016049754875e+01 -3.531935386967526824e+01
5.181818181818181984e+03 6.332647886457158648e-02 -4.929566546881615496e-02 8.025151437448682645e-02 -2.146540737687981704e+01 -3.789850522015465373e+01
5.272727272727272975e+03 6.514056894830529132e-02 -5.576767289873761635e-02 8.575154263014460321e-02 -2.088963327498323252e+01 -4.056725422137354542e+01
5.363636363636363967e+03 6.555723846902390683e-02 -6.296564909690052780e-02 9.089787941354011969e-02 -2.038339707494387909e+01 -4.384482043759186354e+01
5.454545454545454049e+03 6.630288584915282335e-02 -7.250798478580020023e-02 9.825212735418822896e-02 -1.970763285598638248e+01 -4.755952183099590513e+01
5.545454545454545041e+03 6.476784490214324008e-02 -8.225296614251832727e-02 1.046920444566364766e-01 -1.915619848745406983e+01 -5.178230505802449102e+01
5.636363636363636033e+03 6.057954743776150508e-02 -9.224083119572790146e-02 1.103551199874422128e-01 -1.869862235977262443e+01 -5.670492683499146125e+01
5.727272727272727025e+03 5.527568287177224426e-02 -1.040661456232204463e-01 1.178353248470680736e-01 -1.812896203760516656e+01 -6.202458646855650670e+01
5.818181818181818016e+03 4.599293065141790704e-02 -1.141158648370732831e-01 1.230356870075479947e-01 -1.775385013349146845e+01 -6.804873509822068911e+01
5.909090909090909008e+03 3.262451772661427440e-02 -1.220535529247499529e-01 1.263385489011525364e-01 -1.752375441839679127e+01 -7.503488388059948022e+01
6.000000000000000000e+03 1.943077086061655370e-02 -1.281905013490742540e-01 1.296547704188503458e-01 -1.729870209578383822e+01 -8.138087057225457954e+01
6.090909090909090992e+03 3.535577616553984334e-03 -1.295844655603738960e-01 1.296326888699389779e-01 -1.730018151864425135e+01 -8.843713186709862839e+01
6.181818181818181984e+03 -1.289134382203816973e-02 -1.268511227654769147e-01 1.275044865579250675e-01 -1.744396277068052470e+01 -9.580280605496885471e+01
6.272727272727272975e+03 -2.464026379172916739e-02 -1.217383654897518652e-01 1.242069733623777095e-01 -1.767155252265575882e+01 -1.014422815393333792e+02
6.363636363636363058e+03 -3.585691256613147970e-02 -1.135921919326834117e-01 1.191171870338062627e-01 -1.803498352676433569e+01 -1.075190065747889037e+02
6.454545454545454049e+03 -4.462260293249132453e-02 -1.044352400923139051e-01 1.135689044836218908e-01 -1.844928337613053415e+01 -1.131358239446033167e+02
6.545454545454545041e+03 -4.907932072406614998e-02 -9.525810131864512198e-02 1.071582268870151095e-01 -1.895396172850854910e+01 -1.172586392187921405e+02
6.636363636363636033e+03 -5.287813236748158813e-02 -8.645466046353279810e-02 1.013435010177645562e-01 -1.943855403831352646e+01 -1.214511433574772212e+02
6.727272727272727025e+03 -5.528011506342988407e-02 -7.844267110171140867e-02 9.596428382996101403e-02 -1.991227957451138408e+01 -1.251731167331285235e+02
6.818181818181818016e+03 -5.514567656669981666e-02 -7.090415555233563205e-02 8.982452292435999519e-02 -2.048657372058234216e+01 -1.278739766663390611e+02
6.909090909090909008e+03 -5.524080584659529780e-02 -6.481248152361113180e-02 8.515987548035561239e-02 -2.094977175083499787e+01 -1.304415325602874134e+02
7.000000000000000000e+03 -5.478099254216897002e-02 -5.951670621575306380e-02 8.089002078549263619e-02 -2.139657316552557376e+01 -1.326274124423351850e+02
7.090909090909090992e+03 -5.323817236980148138e-02 -5.430917876376697984e-02 7.605123204308719687e-02 -2.193234702394530089e+01 -1.344294409191384148e+02
7.181818181818181984e+03 -5.217298211853731160e-02 -5.031845487543001177e-02 7.248425321538395916e-02 -2.234959872868844855e+01 -1.360366230871985920e+02
7.272727272727272975e+03 -5.105922588617561875e-02 -4.701942400626527019e-02 6.941088374294381025e-02 -2.272592062783188993e+01 -1.373586461808375816e+02
7.363636363636363058e+03 -4.926218978435669554e-02 -4.348338343880583240e-02 6.570820327505684511e-02 -2.320208026566367465e+01 -1.385653855939769983e+02
7.454545454545454049e+03 -4.788120293589780141e-02 -4.095928200275532338e-02 6.301009741914277706e-02 -2.356626908431604761e+01 -1.394551449683558815e+02
7.545454545454545041e+03 -4.683406130789089655e-02 -3.874733112805241186e-02 6.078474288946382476e-02 -2.387858042506785594e+01 -1.403979474466050306e+02
7.636363636363636033e+03 -4.528580080917300049e-02 -3.644516422443328657e-02 5.812962885030323323e-02 -2.426652110468457835e+01 -1.411735403468522634e+02
7.727272727272727025e+03 -4.379309814256813344e-02 -3.487287050748447137e-02 5.598171614336581309e-02 -2.459354794944422196e+01 -1.414693486842896561e+02
7.818181818181818016e+03 -4.276209698241083962e-02 -3.330158220558834814e-02 5.419956010641293481e-02 -2.487455687099916446e+01 -1.420898249303375565e+02
7.909090909090909008e+03 -4.160503888195841993e-02 -3.196800794994926476e-02 5.246839803784075773e-02 -2.515651601485258482e+01 -1.424624536093646157e+02
8.000000000000000000e+03 -4.048566670714102977e-02 -3.076611207541099166e-02 5.084921691588237258e-02 -2.542878672332729195e+01 -1.427678524880088560e+02
8.090909090909090992e+03 -3.946048766800453605e-02 -2.960613077012723415e-02 4.933206934818985118e-02 -2.569188543908407496e+01 -1.431201000952042648e+02
8.181818181818181984e+03 -3.840725970192601646e-02 -2.847591568865110237e-02 4.781208395498313252e-02 -2.596371863724685980e+01 -1.434460178309608978e+02
8.272727272727272066e+03 -3.748640895323456651e-02 -2.779183753206796240e-02 4.666494497605248176e-02 -2.617465694425969858e+01 -1.434473403262485647e+02
8.363636363636363967e+03 -3.664555376623495481e-02 -2.713269466042960917e-02 4.559692676453230148e-02 -2.637576066221775761e+01 -1.434834228911932144e+02
8.454545454545454049e+03 -3.573645669727890800e-02 -2.610476874819260551e-02 4.425554528726433068e-02 -2.663511818170024981e+01 -1.438526168725973662e+02
8.545454545454544132e+03 -3.496262144081987988e-02 -2.583830524023609035e-02 4.347416377231067691e-02 -2.678984736419171497e+01 -1.435346153361691393e+02
8.636363636363636033e+03 -3.427518324573245595e-02 -2.521731030393803766e-02 4.255233161054324670e-02 -2.697600487007925452e+01 -1.436569350654952473e+02
8.727272727272727934e+03 -3.360204677378055005e-02 -2.450832562178708457e-02 4.159033027244291025e-02 -2.717462472279664354e+01 -1.438941098161385810e+02
8.818181818181818016e+03 -3.299490354890673854e-02 -2.420295524746330848e-02 4.092000370127512471e-02 -2.731575881932284844e+01 -1.437386054619367997e+02
8.909090909090908099e+03 -3.228985434758897821e-02 -2.389228032645083002e-02 4.016809371859984129e-02 -2.747684767285500840e+01 -1.435010950341044236e+02
9.000000000000000000e+03 -3.166933908719885005e-02 -2.347120955574484233e-02 3.941883707353210226e-02 -2.764039595246796566e+01 -1.434566151163118377e+02
9.090909090909091901e+03 -3.132659179564652174e-02 -2.333648074701659414e-02 3.906336758635824830e-02 -2.771907849871666585e+01 -1.433160419353055204e+02
9.181818181818181984e+03 -3.087233786065554306e-02 -2.292303232958933790e-02 3.845213461130427002e-02 -2.785606302579617832e+01 -1.434057290249111247e+02
9.272727272727272066e+03 -3.037271352411428232e-02 -2.265008489021029872e-02 3.788836328414896953e-02 -2.798435520851957392e+01 -1.432867090109558603e+02
9.363636363636363967e+03 -2.972957610701223996e-02 -2.243623286682541393e-02 3.724556672621655989e-02 -2.813298036861241158e+01 -1.429589778794180575e+02
9.454545454545454049e+03 -2.945525411353168074e-02 -2.216905761350835766e-02 3.686569015173563058e-02 -2.822202473348891516e+01 -1.430335978758130580e+02
9.545454545454545951e+03 -2.910189798983866746e-02 -2.207488565310089870e-02 3.652699061253823071e-02 -2.830219424555506791e+01 -1.428183131111954651e+02
9.636363636363636033e+03 -2.875702151915872709e-02 -2.188995497417551769e-02 3.614050934097069040e-02 -2.839458672710369669e+01 -1.427214702175618868e+02
9.727272727272727934e+03 -2.830471964382130431e-02 -2.186363457238690161e-02 3.576556543423010243e-02 -2.848517019786886451e+01 -1.423161467532527240e+02
9.818181818181818016e+03 -2.824033907556373901e-02 -2.166818209547854979e-02 3.559532085015710418e-02 -2.852661386683446665e+01 -1.425017778961485533e+02
9.909090909090908099e+03 -2.790232567559513752e-02 -2.165758104101666442e-02 3.532124848664299627e-02 -2.859375118542567407e+01 -1.421816471887033799e+02
1.000000000000000000e+04 -2.752691856572361470e-02 -2.153369573600157766e-02 3.494898135532238659e-02 -2.868578166477789182e+01 -1.419647190161579999e+02
