  0.0000000e+000, -4.2018826e+001,
  3.1250000e+001, -4.5617077e+001,
  6.2500000e+001, -4.9015423e+001,
  9.3750000e+001, -4.7639622e+001,
  1.2500000e+002, -4.8774361e+001,
  1.5625000e+002, -4.8709686e+001,
  1.8750000e+002, -5.2237385e+001,
  2.1875000e+002, -5.1002689e+001,
  2.5000000e+002, -4.7645500e+001,
  2.8125000e+002, -5.4136459e+001,
  3.1250000e+002, -5.8246223e+001,
  3.4375000e+002, -5.7781746e+001,
  3.7500000e+002, -5.5694523e+001,
  4.0625000e+002, -5.6635242e+001,
  4.3750000e+002, -6.0421635e+001,
  4.6875000e+002, -5.4847878e+001,
  5.0000000e+002, -5.1367218e+001,
  5.3125000e+002, -4.9033058e+001,
  5.6250000e+002, -4.7151623e+001,
  5.9375000e+002, -5.0114887e+001,
  6.2500000e+002, -5.1537724e+001,
  6.5625000e+002, -5.0026695e+001,
  6.8750000e+002, -5.0161922e+001,
  7.1875000e+002, -5.2472561e+001,
  7.5000000e+002, -5.3048752e+001,
  7.8125000e+002, -5.4254047e+001,
  8.1250000e+002, -5.6946857e+001,
  8.4375000e+002, -4.9744480e+001,
  8.7500000e+002, -5.3125187e+001,
  9.0625000e+002, -5.1373096e+001,
  9.3750000e+002, -5.1408375e+001,
  9.6875000e+002, -5.3301571e+001,
  1.0000000e+003, -5.7993404e+001,
  1.0312500e+003, -5.6682278e+001,
  1.0625000e+003, -4.7768970e+001,
  1.0937500e+003, -4.8727325e+001,
  1.1250000e+003, -6.2579411e+001,
  1.1562500e+003, -5.9263374e+001,
  1.1875000e+003, -6.2438301e+001,
  1.2187500e+003, -5.5547539e+001,
  1.2500000e+003, -4.9185928e+001,
  1.2812500e+003, -4.9650406e+001,
  1.3125000e+003, -5.2478443e+001,
  1.3437500e+003, -4.8580338e+001,
  1.3750000e+003, -4.5176113e+001,
  1.4062500e+003, -4.7422081e+001,
  1.4375000e+003, -5.8446125e+001,
  1.4687500e+003, -6.0180576e+001,
  1.5000000e+003, -5.0273632e+001,
  1.5312500e+003, -4.8421593e+001,
  1.5625000e+003, -4.9985538e+001,
  1.5937500e+003, -5.2713623e+001,
  1.6250000e+003, -5.3777809e+001,
  1.6562500e+003, -5.7893456e+001,
  1.6875000e+003, -5.6964493e+001,
  1.7187500e+003, -5.4912552e+001,
  1.7500000e+003, -6.1862110e+001,
  1.7812500e+003, -5.3977715e+001,
  1.8125000e+003, -5.1090881e+001,
  1.8437500e+003, -4.8539181e+001,
  1.8750000e+003, -5.0026695e+001,
  1.9062500e+003, -5.9439762e+001,
  1.9375000e+003, -5.4065907e+001,
  1.9687500e+003, -5.0414742e+001,
  2.0000000e+003, -5.2531357e+001,
  2.0312500e+003, -5.0861584e+001,
  2.0625000e+003, -4.9873829e+001,
  2.0937500e+003, -4.6669502e+001,
  2.1250000e+003, -5.1032085e+001,
  2.1562500e+003, -5.0849823e+001,
  2.1875000e+003, -4.8062943e+001,
  2.2187500e+003, -5.0573486e+001,
  2.2500000e+003, -5.7035049e+001,
  2.2812500e+003, -6.4160992e+001,
  2.3125000e+003, -5.6106091e+001,
  2.3437500e+003, -5.2178589e+001,
  2.3750000e+003, -5.7381939e+001,
  2.4062500e+003, -5.5759197e+001,
  2.4375000e+003, -5.4706768e+001,
  2.4687500e+003, -5.3789570e+001,
  2.5000000e+003, -5.4142338e+001,
  2.5312500e+003, -6.1185970e+001,
  2.5625000e+003, -6.0974308e+001,
  2.5937500e+003, -6.0921394e+001,
  2.6250000e+003, -5.2831211e+001,
  2.6562500e+003, -4.9909103e+001,
  2.6875000e+003, -5.8416729e+001,
  2.7187500e+003, -7.1139950e+001,
  2.7500000e+003, -5.6017895e+001,
  2.7812500e+003, -4.7380924e+001,
  2.8125000e+003, -4.6910564e+001,
  2.8437500e+003, -5.1902252e+001,
  2.8750000e+003, -5.6111969e+001,
  2.9062500e+003, -5.5535778e+001,
  2.9375000e+003, -5.3889519e+001,
  2.9687500e+003, -5.5835632e+001,
  3.0000000e+003, -5.7540684e+001,
  3.0312500e+003, -6.3461334e+001,
  3.0625000e+003, -5.0955654e+001,
  3.0937500e+003, -5.1284904e+001,
  3.1250000e+003, -5.4500988e+001,
  3.1562500e+003, -5.6253075e+001,
  3.1875000e+003, -6.0286407e+001,
  3.2187500e+003, -5.0708714e+001,
  3.2500000e+003, -5.1143799e+001,
  3.2812500e+003, -6.6894957e+001,
  3.3125000e+003, -5.2249142e+001,
  3.3437500e+003, -5.2096275e+001,
  3.3750000e+003, -6.3043888e+001,
  3.4062500e+003, -5.4118820e+001,
  3.4375000e+003, -4.9673923e+001,
  3.4687500e+003, -5.2449043e+001,
  3.5000000e+003, -5.3524990e+001,
  3.5312500e+003, -6.6301128e+001,
  3.5625000e+003, -5.2143311e+001,
  3.5937500e+003, -5.3783691e+001,
  3.6250000e+003, -5.4653854e+001,
  3.6562500e+003, -4.9762115e+001,
  3.6875000e+003, -4.8668533e+001,
  3.7187500e+003, -5.0285393e+001,
  3.7500000e+003, -5.0044334e+001,
  3.7812500e+003, -5.6247196e+001,
  3.8125000e+003, -6.8535336e+001,
  3.8437500e+003, -6.5201664e+001,
  3.8750000e+003, -5.5653366e+001,
  3.9062500e+003, -6.1656330e+001,
  3.9375000e+003, -5.6211918e+001,
  3.9687500e+003, -5.2396130e+001,
  4.0000000e+003, -5.0320667e+001,
  4.0312500e+003, -5.4112942e+001,
  4.0625000e+003, -5.0138405e+001,
  4.0937500e+003, -4.9003662e+001,
  4.1250000e+003, -5.9092873e+001,
  4.1562500e+003, -5.4112942e+001,
  4.1875000e+003, -4.7986511e+001,
  4.2187500e+003, -4.7986511e+001,
  4.2500000e+003, -5.2831211e+001,
  4.2812500e+003, -5.0491173e+001,
  4.3125000e+003, -5.3771931e+001,
  4.3437500e+003, -5.1143799e+001,
  4.3750000e+003, -5.7922852e+001,
  4.4062500e+003, -5.1790543e+001,
  4.4375000e+003, -4.8298122e+001,
  4.4687500e+003, -5.9310413e+001,
  4.5000000e+003, -5.0473534e+001,
  4.5312500e+003, -5.3613186e+001,
  4.5625000e+003, -4.9703323e+001,
  4.5937500e+003, -4.7698414e+001,
  4.6250000e+003, -5.4595058e+001,
  4.6562500e+003, -5.1872856e+001,
  4.6875000e+003, -5.6905701e+001,
  4.7187500e+003, -5.8193310e+001,
  4.7500000e+003, -6.1879749e+001,
  4.7812500e+003, -5.7964008e+001,
  4.8125000e+003, -5.6529411e+001,
  4.8437500e+003, -5.6635242e+001,
  4.8750000e+003, -5.0896858e+001,
  4.9062500e+003, -5.1049725e+001,
  4.9375000e+003, -5.1555363e+001,
  4.9687500e+003, -5.5829754e+001,
  5.0000000e+003, -5.1661194e+001,
  5.0312500e+003, -5.0791027e+001,
  5.0625000e+003, -5.4930191e+001,
  5.0937500e+003, -5.7487770e+001,
  5.1250000e+003, -6.1862110e+001,
  5.1562500e+003, -5.1584759e+001,
  5.1875000e+003, -4.8368679e+001,
  5.2187500e+003, -5.6153126e+001,
  5.2500000e+003, -4.9815033e+001,
  5.2812500e+003, -5.2543118e+001,
  5.3125000e+003, -8.3510401e+001,
  5.3437500e+003, -5.4736168e+001,
  5.3750000e+003, -5.1096760e+001,
  5.4062500e+003, -5.8928246e+001,
  5.4375000e+003, -4.6792973e+001,
  5.4687500e+003, -4.6252060e+001,
  5.5000000e+003, -4.4952694e+001,
  5.5312500e+003, -4.6299095e+001,
  5.5625000e+003, -5.1467171e+001,
  5.5937500e+003, -5.8904728e+001,
  5.6250000e+003, -5.2560757e+001,
  5.6562500e+003, -5.0855701e+001,
  5.6875000e+003, -5.1955166e+001,
  5.7187500e+003, -5.9310413e+001,
  5.7500000e+003, -5.2096275e+001,
  5.7812500e+003, -6.1621052e+001,
  5.8125000e+003, -5.9974796e+001,
  5.8437500e+003, -5.5459343e+001,
  5.8750000e+003, -5.8122753e+001,
  5.9062500e+003, -6.5642624e+001,
  5.9375000e+003, -5.9933640e+001,
  5.9687500e+003, -5.8781258e+001,
  6.0000000e+003, -6.4055161e+001,
  6.0312500e+003, -7.2968472e+001,
  6.0625000e+003, -6.2132568e+001,
  6.0937500e+003, -6.9187958e+001,
  6.1250000e+003, -5.5088936e+001,
  6.1562500e+003, -5.3236897e+001,
  6.1875000e+003, -4.7445599e+001,
  6.2187500e+003, -4.8938988e+001,
  6.2500000e+003, -5.4271687e+001,
  6.2812500e+003, -5.4130581e+001,
  6.3125000e+003, -5.8863571e+001,
  6.3437500e+003, -5.3577908e+001,
  6.3750000e+003, -5.3854244e+001,
  6.4062500e+003, -5.5759197e+001,
  6.4375000e+003, -4.9044819e+001,
  6.4687500e+003, -4.8292244e+001,
  6.5000000e+003, -4.8792000e+001,
  6.5312500e+003, -4.5211391e+001,
  6.5625000e+003, -4.7304489e+001,
  6.5937500e+003, -5.2919403e+001,
  6.6250000e+003, -5.7758224e+001,
  6.6562500e+003, -6.0762646e+001,
  6.6875000e+003, -5.7734707e+001,
  6.7187500e+003, -5.8757740e+001,
  6.7500000e+003, -5.1584759e+001,
  6.7812500e+003, -5.0144283e+001,
  6.8125000e+003, -5.1190834e+001,
  6.8437500e+003, -5.1237869e+001,
  6.8750000e+003, -6.0586262e+001,
  6.9062500e+003, -6.0521587e+001,
  6.9375000e+003, -6.0862598e+001,
  6.9687500e+003, -6.3120323e+001,
  7.0000000e+003, -5.4894913e+001,
  7.0312500e+003, -5.7458370e+001,
  7.0625000e+003, -5.0555847e+001,
  7.0937500e+003, -4.8480389e+001,
  7.1250000e+003, -5.5394669e+001,
  7.1562500e+003, -6.2285435e+001,
  7.1875000e+003, -5.7852299e+001,
  7.2187500e+003, -5.7570084e+001,
  7.2500000e+003, -5.5935585e+001,
  7.2812500e+003, -5.2002205e+001,
  7.3125000e+003, -5.0297150e+001,
  7.3437500e+003, -5.6288353e+001,
  7.3750000e+003, -7.1157589e+001,
  7.4062500e+003, -5.2072758e+001,
  7.4375000e+003, -4.8615616e+001,
  7.4687500e+003, -5.1643555e+001,
  7.5000000e+003, -5.2066879e+001,
  7.5312500e+003, -5.2366734e+001,
  7.5625000e+003, -5.0479416e+001,
  7.5937500e+003, -5.5247684e+001,
  7.6250000e+003, -7.5220318e+001,
  7.6562500e+003, -5.2196228e+001,
  7.6875000e+003, -5.2572514e+001,
  7.7187500e+003, -5.3842484e+001,
  7.7500000e+003, -5.1814060e+001,
  7.7812500e+003, -5.7029171e+001,
  7.8125000e+003, -4.5393654e+001,
  7.8437500e+003, -4.5546520e+001,
  7.8750000e+003, -4.9456383e+001,
  7.9062500e+003, -6.1062500e+001,
  7.9375000e+003, -5.5318237e+001,
  7.9687500e+003, -5.4136459e+001,
  8.0000000e+003, -5.3472076e+001,
  8.0312500e+003, -5.6023777e+001,
  8.0625000e+003, -6.1468185e+001,
  8.0937500e+003, -5.9422123e+001,
  8.1250000e+003, -5.8740101e+001,
  8.1562500e+003, -4.7128105e+001,
  8.1875000e+003, -4.6869408e+001,
  8.2187500e+003, -5.3918919e+001,
  8.2500000e+003, -5.7617119e+001,
  8.2812500e+003, -5.0990932e+001,
  8.3125000e+003, -4.9368191e+001,
  8.3437500e+003, -5.5894428e+001,
  8.3750000e+003, -6.3355503e+001,
  8.4062500e+003, -5.4553902e+001,
  8.4375000e+003, -4.8450989e+001,
  8.4687500e+003, -4.9468143e+001,
  8.5000000e+003, -4.9350552e+001,
  8.5312500e+003, -5.1196712e+001,
  8.5625000e+003, -5.9169304e+001,
  8.5937500e+003, -5.7564201e+001,
  8.6250000e+003, -5.4530384e+001,
  8.6562500e+003, -5.3566147e+001,
  8.6875000e+003, -5.3813087e+001,
  8.7187500e+003, -5.6829266e+001,
  8.7500000e+003, -5.4759686e+001,
  8.7812500e+003, -5.3213379e+001,
  8.8125000e+003, -5.4941948e+001,
  8.8437500e+003, -5.6511772e+001,
  8.8750000e+003, -4.7927715e+001,
  8.9062500e+003, -4.7163380e+001,
  8.9375000e+003, -5.5612213e+001,
  8.9687500e+003, -6.2485336e+001,
  9.0000000e+003, -5.4718529e+001,
  9.0312500e+003, -5.1966927e+001,
  9.0625000e+003, -4.7669018e+001,
  9.0937500e+003, -5.1684711e+001,
  9.1250000e+003, -5.4606819e+001,
  9.1562500e+003, -5.5259441e+001,
  9.1875000e+003, -5.1249630e+001,
  9.2187500e+003, -4.9409348e+001,
  9.2500000e+003, -5.1490688e+001,
  9.2812500e+003, -5.4259930e+001,
  9.3125000e+003, -5.8551956e+001,
  9.3437500e+003, -5.5671005e+001,
  9.3750000e+003, -6.2250156e+001,
  9.4062500e+003, -5.8669548e+001,
  9.4375000e+003, -7.0193352e+001,
  9.4687500e+003, -5.4465710e+001,
  9.5000000e+003, -5.4865517e+001,
  9.5312500e+003, -5.5571056e+001,
  9.5625000e+003, -5.0097248e+001,
  9.5937500e+003, -5.5900307e+001,
  9.6250000e+003, -6.0186455e+001,
  9.6562500e+003, -6.1168331e+001,
  9.6875000e+003, -5.8081596e+001,
  9.7187500e+003, -6.0133541e+001,
  9.7500000e+003, -5.4647976e+001,
  9.7812500e+003, -5.4195255e+001,
  9.8125000e+003, -5.8216827e+001,
  9.8437500e+003, -5.6952736e+001,
  9.8750000e+003, -5.3624943e+001,
  9.9062500e+003, -5.0838062e+001,
  9.9375000e+003, -5.0009056e+001,
  9.9687500e+003, -5.4406918e+001,
  1.0000000e+004, -6.8505938e+001,
  1.0031250e+004, -6.4419689e+001,
  1.0062500e+004, -5.3183983e+001,
  1.0093750e+004, -4.8733208e+001,
  1.0125000e+004, -5.3477955e+001,
  1.0156250e+004, -5.3336849e+001,
  1.0187500e+004, -5.1096760e+001,
  1.0218750e+004, -5.4001232e+001,
  1.0250000e+004, -5.1326061e+001,
  1.0281250e+004, -4.8409832e+001,
  1.0312500e+004, -4.6734180e+001,
  1.0343750e+004, -4.8997784e+001,
  1.0375000e+004, -5.4841999e+001,
  1.0406250e+004, -5.0009056e+001,
  1.0437500e+004, -5.0438259e+001,
  1.0468750e+004, -5.7470131e+001,
  1.0500000e+004, -5.6717556e+001,
  1.0531250e+004, -5.9380966e+001,
  1.0562500e+004, -5.9827808e+001,
  1.0593750e+004, -5.7611240e+001,
  1.0625000e+004, -5.7887573e+001,
  1.0656250e+004, -5.8369694e+001,
  1.0687500e+004, -5.1931648e+001,
  1.0718750e+004, -5.6000259e+001,
  1.0750000e+004, -5.7523045e+001,
  1.0781250e+004, -6.3678875e+001,
  1.0812500e+004, -5.9480919e+001,
  1.0843750e+004, -6.2661724e+001,
  1.0875000e+004, -5.3025234e+001,
  1.0906250e+004, -5.7611240e+001,
  1.0937500e+004, -6.3067406e+001,
  1.0968750e+004, -5.5165371e+001,
  1.1000000e+004, -5.1443653e+001,
  1.1031250e+004, -5.9233978e+001,
  1.1062500e+004, -4.9168289e+001,
  1.1093750e+004, -4.9479900e+001,
  1.1125000e+004, -5.7746468e+001,
  1.1156250e+004, -6.0133541e+001,
  1.1187500e+004, -5.5282959e+001,
  1.1218750e+004, -4.4946812e+001,
  1.1250000e+004, -4.9726841e+001,
  1.1281250e+004, -5.4647976e+001,
  1.1312500e+004, -5.8651909e+001,
  1.1343750e+004, -5.2366734e+001,
  1.1375000e+004, -5.2390251e+001,
  1.1406250e+004, -6.3678875e+001,
  1.1437500e+004, -5.3913040e+001,
  1.1468750e+004, -6.0833202e+001,
  1.1500000e+004, -5.2654827e+001,
  1.1531250e+004, -4.6252060e+001,
  1.1562500e+004, -4.8292244e+001,
  1.1593750e+004, -5.6494137e+001,
  1.1625000e+004, -6.2214882e+001,
  1.1656250e+004, -5.2096275e+001,
  1.1687500e+004, -6.6165901e+001,
  1.1718750e+004, -6.4760700e+001,
  1.1750000e+004, -5.1461288e+001,
  1.1781250e+004, -4.9485783e+001,
  1.1812500e+004, -5.1490688e+001,
  1.1843750e+004, -5.6012016e+001,
  1.1875000e+004, -5.8028683e+001,
  1.1906250e+004, -7.4849909e+001,
  1.1937500e+004, -5.0808666e+001,
  1.1968750e+004, -4.8109982e+001,
  1.2000000e+004, -4.8568581e+001,
  1.2031250e+004, -4.9156528e+001,
  1.2062500e+004, -5.2378490e+001,
  1.2093750e+004, -5.4936069e+001,
  1.2125000e+004, -5.4248169e+001,
  1.2156250e+004, -5.3278053e+001,
  1.2187500e+004, -5.1567120e+001,
  1.2218750e+004, -5.0285393e+001,
  1.2250000e+004, -4.9062458e+001,
  1.2281250e+004, -5.1767025e+001,
  1.2312500e+004, -5.5800354e+001,
  1.2343750e+004, -4.9474022e+001,
  1.2375000e+004, -4.4517609e+001,
  1.2406250e+004, -4.9450504e+001,
  1.2437500e+004, -5.2296177e+001,
  1.2468750e+004, -4.8215809e+001,
