  0.0000000e+000, -4.8609737e+001,
  3.1250000e+001, -6.6571585e+001,
  6.2500000e+001, -5.1085003e+001,
  9.3750000e+001, -5.5135971e+001,
  1.2500000e+002, -5.5147732e+001,
  1.5625000e+002, -6.0492191e+001,
  1.8750000e+002, -6.8264879e+001,
  2.1875000e+002, -5.5524017e+001,
  2.5000000e+002, -4.7868919e+001,
  2.8125000e+002, -4.9209446e+001,
  3.1250000e+002, -5.4765564e+001,
  3.4375000e+002, -6.0315804e+001,
  3.7500000e+002, -5.9504436e+001,
  4.0625000e+002, -5.6629364e+001,
  4.3750000e+002, -5.4383396e+001,
  4.6875000e+002, -5.5047779e+001,
  5.0000000e+002, -6.2861626e+001,
  5.3125000e+002, -5.4983105e+001,
  5.6250000e+002, -5.0273632e+001,
  5.9375000e+002, -5.9539711e+001,
  6.2500000e+002, -5.9322170e+001,
  6.5625000e+002, -5.7470131e+001,
  6.8750000e+002, -6.3643597e+001,
  7.1875000e+002, -5.3078152e+001,
  7.5000000e+002, -4.9056580e+001,
  7.8125000e+002, -5.1972805e+001,
  8.1250000e+002, -6.1397633e+001,
  8.4375000e+002, -5.6194283e+001,
  8.7500000e+002, -5.1943409e+001,
  9.0625000e+002, -4.9209446e+001,
  9.3750000e+002, -5.1455410e+001,
  9.6875000e+002, -5.4983105e+001,
  1.0000000e+003, -6.1621052e+001,
  1.0312500e+003, -5.2066879e+001,
  1.0625000e+003, -5.3042873e+001,
  1.0937500e+003, -6.9599524e+001,
  1.1250000e+003, -6.2896904e+001,
  1.1562500e+003, -6.0668575e+001,
  1.1875000e+003, -5.9510315e+001,
  1.2187500e+003, -5.3107548e+001,
  1.2500000e+003, -5.1814060e+001,
  1.2812500e+003, -5.0855701e+001,
  1.3125000e+003, -5.2766537e+001,
  1.3437500e+003, -6.5630867e+001,
  1.3750000e+003, -5.6323631e+001,
  1.4062500e+003, -5.1596519e+001,
  1.4375000e+003, -4.7586704e+001,
  1.4687500e+003, -5.2366734e+001,
  1.5000000e+003, -5.7758224e+001,
  1.5312500e+003, -6.2267796e+001,
  1.5625000e+003, -6.2385387e+001,
  1.5937500e+003, -5.3313332e+001,
  1.6250000e+003, -5.5018383e+001,
  1.6562500e+003, -5.4730289e+001,
  1.6875000e+003, -5.3119308e+001,
  1.7187500e+003, -6.7988543e+001,
  1.7500000e+003, -5.2548996e+001,
  1.7812500e+003, -4.8133499e+001,
  1.8125000e+003, -4.5764061e+001,
  1.8437500e+003, -4.6604828e+001,
  1.8750000e+003, -4.9891464e+001,
  1.9062500e+003, -5.0649921e+001,
  1.9375000e+003, -5.1743507e+001,
  1.9687500e+003, -5.0602886e+001,
  2.0000000e+003, -6.0515709e+001,
  2.0312500e+003, -5.4054146e+001,
  2.0625000e+003, -4.9997295e+001,
  2.0937500e+003, -5.0996811e+001,
  2.1250000e+003, -5.4912552e+001,
  2.1562500e+003, -6.0503948e+001,
  2.1875000e+003, -5.4342239e+001,
  2.2187500e+003, -4.9168289e+001,
  2.2500000e+003, -5.3489716e+001,
  2.2812500e+003, -5.6694038e+001,
  2.3125000e+003, -5.2866489e+001,
  2.3437500e+003, -5.3448559e+001,
  2.3750000e+003, -6.1303558e+001,
  2.4062500e+003, -5.9239857e+001,
  2.4375000e+003, -5.8263863e+001,
  2.4687500e+003, -7.3762203e+001,
  2.5000000e+003, -5.5553417e+001,
  2.5312500e+003, -5.2743019e+001,
  2.5625000e+003, -5.1102642e+001,
  2.5937500e+003, -5.3295692e+001,
  2.6250000e+003, -5.1966927e+001,
  2.6562500e+003, -4.9344673e+001,
  2.6875000e+003, -6.3667114e+001,
  2.7187500e+003, -5.2396130e+001,
  2.7500000e+003, -5.5406429e+001,
  2.7812500e+003, -4.9803272e+001,
  2.8125000e+003, -3.8155998e+001,
  2.8437500e+003, -3.6580296e+001,
  2.8750000e+003, -5.1749386e+001,
  2.9062500e+003, -5.0467655e+001,
  2.9375000e+003, -5.9604385e+001,
  2.9687500e+003, -5.2090397e+001,
  3.0000000e+003, -5.9851326e+001,
  3.0312500e+003, -5.0949776e+001,
  3.0625000e+003, -5.5982620e+001,
  3.0937500e+003, -5.4618576e+001,
  3.1250000e+003, -5.1655312e+001,
  3.1562500e+003, -4.7457355e+001,
  3.1875000e+003, -4.6269699e+001,
  3.2187500e+003, -4.9779755e+001,
  3.2500000e+003, -6.8100252e+001,
  3.2812500e+003, -5.4647976e+001,
  3.3125000e+003, -5.4636215e+001,
  3.3437500e+003, -4.7163380e+001,
  3.3750000e+003, -4.9673923e+001,
  3.4062500e+003, -7.3826878e+001,
  3.4375000e+003, -6.3590683e+001,
  3.4687500e+003, -5.4589180e+001,
  3.5000000e+003, -6.1750401e+001,
  3.5312500e+003, -5.4136459e+001,
  3.5625000e+003, -5.4154099e+001,
  3.5937500e+003, -5.2354973e+001,
  3.6250000e+003, -5.0232475e+001,
  3.6562500e+003, -5.2219746e+001,
  3.6875000e+003, -5.6729317e+001,
  3.7187500e+003, -6.2156086e+001,
  3.7500000e+003, -5.2290298e+001,
  3.7812500e+003, -5.9251617e+001,
  3.8125000e+003, -5.5935585e+001,
  3.8437500e+003, -6.2620567e+001,
  3.8750000e+003, -5.1849339e+001,
  3.9062500e+003, -4.9156528e+001,
  3.9375000e+003, -5.2819454e+001,
  3.9687500e+003, -5.6735195e+001,
  4.0000000e+003, -5.8910606e+001,
  4.0312500e+003, -5.5124214e+001,
  4.0625000e+003, -6.0315804e+001,
  4.0937500e+003, -5.6029655e+001,
  4.1250000e+003, -5.1667072e+001,
  4.1562500e+003, -5.2343212e+001,
  4.1875000e+003, -4.8033546e+001,
  4.2187500e+003, -5.3436798e+001,
  4.2500000e+003, -6.3508369e+001,
  4.2812500e+003, -5.8081596e+001,
  4.3125000e+003, -4.9826790e+001,
  4.3437500e+003, -5.1214352e+001,
  4.3750000e+003, -5.7646515e+001,
  4.4062500e+003, -5.0796909e+001,
  4.4375000e+003, -5.7546566e+001,
  4.4687500e+003, -5.1578880e+001,
  4.5000000e+003, -5.1137917e+001,
  4.5312500e+003, -6.4460846e+001,
  4.5625000e+003, -5.3771931e+001,
  4.5937500e+003, -6.3749428e+001,
  4.6250000e+003, -5.8657787e+001,
  4.6562500e+003, -6.4396172e+001,
  4.6875000e+003, -5.7881695e+001,
  4.7187500e+003, -6.2891022e+001,
  4.7500000e+003, -5.6541172e+001,
  4.7812500e+003, -4.9673923e+001,
  4.8125000e+003, -5.0696957e+001,
  4.8437500e+003, -5.8387333e+001,
  4.8750000e+003, -5.8916485e+001,
  4.9062500e+003, -5.4771442e+001,
  4.9375000e+003, -5.3107548e+001,
  4.9687500e+003, -7.3262447e+001,
  5.0000000e+003, -6.0251129e+001,
  5.0312500e+003, -5.3766052e+001,
  5.0625000e+003, -4.9197685e+001,
  5.0937500e+003, -4.7992390e+001,
  5.1250000e+003, -4.8562702e+001,
  5.1562500e+003, -6.4784218e+001,
  5.1875000e+003, -5.5441708e+001,
  5.2187500e+003, -5.8469646e+001,
  5.2500000e+003, -6.0068867e+001,
  5.2812500e+003, -5.9480919e+001,
  5.3125000e+003, -5.3395641e+001,
  5.3437500e+003, -5.0285393e+001,
  5.3750000e+003, -4.8756725e+001,
  5.4062500e+003, -4.8662651e+001,
  5.4375000e+003, -5.3395641e+001,
  5.4687500e+003, -5.8604874e+001,
  5.5000000e+003, -6.1138935e+001,
  5.5312500e+003, -5.7940491e+001,
  5.5625000e+003, -5.8598995e+001,
  5.5937500e+003, -6.4149235e+001,
  5.6250000e+003, -6.5131107e+001,
  5.6562500e+003, -5.7834660e+001,
  5.6875000e+003, -4.8633255e+001,
  5.7187500e+003, -4.8068825e+001,
  5.7500000e+003, -4.9456383e+001,
  5.7812500e+003, -5.0855701e+001,
  5.8125000e+003, -5.3695496e+001,
  5.8437500e+003, -5.3007595e+001,
  5.8750000e+003, -5.4918430e+001,
  5.9062500e+003, -5.1273148e+001,
  5.9375000e+003, -5.0367706e+001,
  5.9687500e+003, -4.9021301e+001,
  6.0000000e+003, -6.0968430e+001,
  6.0312500e+003, -4.9562214e+001,
  6.0625000e+003, -5.1790543e+001,
  6.0937500e+003, -5.6511772e+001,
  6.1250000e+003, -5.7534805e+001,
  6.1562500e+003, -5.4159977e+001,
  6.1875000e+003, -6.5107590e+001,
  6.2187500e+003, -5.2319695e+001,
  6.2500000e+003, -4.7857162e+001,
  6.2812500e+003, -4.7968872e+001,
  6.3125000e+003, -4.7933594e+001,
  6.3437500e+003, -4.8456871e+001,
  6.3750000e+003, -5.5235924e+001,
  6.4062500e+003, -5.6494137e+001,
  6.4375000e+003, -5.9539711e+001,
  6.4687500e+003, -5.6229557e+001,
  6.5000000e+003, -5.0855701e+001,
  6.5312500e+003, -5.0532330e+001,
  6.5625000e+003, -5.4642094e+001,
  6.5937500e+003, -5.3583786e+001,
  6.6250000e+003, -5.1725868e+001,
  6.6562500e+003, -5.0855701e+001,
  6.6875000e+003, -5.1261387e+001,
  6.7187500e+003, -5.3754292e+001,
  6.7500000e+003, -5.1943409e+001,
  6.7812500e+003, -5.1531845e+001,
  6.8125000e+003, -6.5560310e+001,
  6.8437500e+003, -7.7566235e+001,
  6.8750000e+003, -6.6324646e+001,
  6.9062500e+003, -5.1290787e+001,
  6.9375000e+003, -4.7275093e+001,
  6.9687500e+003, -5.0508812e+001,
  7.0000000e+003, -5.9451519e+001,
  7.0312500e+003, -5.8975281e+001,
  7.0625000e+003, -5.1919891e+001,
  7.0937500e+003, -5.1802299e+001,
  7.1250000e+003, -5.3654339e+001,
  7.1562500e+003, -6.4055161e+001,
  7.1875000e+003, -6.2073772e+001,
  7.2187500e+003, -6.6254093e+001,
  7.2500000e+003, -5.4853756e+001,
  7.2812500e+003, -5.9951275e+001,
  7.3125000e+003, -6.1432907e+001,
  7.3437500e+003, -5.4418674e+001,
  7.3750000e+003, -5.4977226e+001,
  7.4062500e+003, -6.4372654e+001,
  7.4375000e+003, -5.2831211e+001,
  7.4687500e+003, -5.4330482e+001,
  7.5000000e+003, -5.4324604e+001,
  7.5312500e+003, -4.9903225e+001,
  7.5625000e+003, -5.7152637e+001,
  7.5937500e+003, -5.1925770e+001,
  7.6250000e+003, -5.8463764e+001,
  7.6562500e+003, -5.8816536e+001,
  7.6875000e+003, -7.1857248e+001,
  7.7187500e+003, -6.3190876e+001,
  7.7500000e+003, -5.4389278e+001,
  7.7812500e+003, -6.1956184e+001,
  7.8125000e+003, -6.4396172e+001,
  7.8437500e+003, -5.6223679e+001,
  7.8750000e+003, -5.5359394e+001,
  7.9062500e+003, -5.6858665e+001,
  7.9375000e+003, -5.1714108e+001,
  7.9687500e+003, -5.4359879e+001,
  8.0000000e+003, -5.7387817e+001,
  8.0312500e+003, -5.4542145e+001,
  8.0625000e+003, -5.2296177e+001,
  8.0937500e+003, -5.5247684e+001,
  8.1250000e+003, -7.6478529e+001,
  8.1562500e+003, -5.8640148e+001,
  8.1875000e+003, -5.5036022e+001,
  8.2187500e+003, -5.4818481e+001,
  8.2500000e+003, -6.1532860e+001,
  8.2812500e+003, -5.9792530e+001,
  8.3125000e+003, -5.6829266e+001,
  8.3437500e+003, -5.9968914e+001,
  8.3750000e+003, -6.0933151e+001,
  8.4062500e+003, -6.5019398e+001,
  8.4375000e+003, -6.2450062e+001,
  8.4687500e+003, -5.9222221e+001,
  8.5000000e+003, -7.0357977e+001,
  8.5312500e+003, -5.6835144e+001,
  8.5625000e+003, -5.7581841e+001,
  8.5937500e+003, -6.2979214e+001,
  8.6250000e+003, -5.5100697e+001,
  8.6562500e+003, -5.1126160e+001,
  8.6875000e+003, -5.4695011e+001,
  8.7187500e+003, -5.5230045e+001,
  8.7500000e+003, -6.0492191e+001,
  8.7812500e+003, -5.2848850e+001,
  8.8125000e+003, -5.1819939e+001,
  8.8437500e+003, -5.5835632e+001,
  8.8750000e+003, -5.4759686e+001,
  8.9062500e+003, -5.9792530e+001,
  8.9375000e+003, -5.2219746e+001,
  8.9687500e+003, -4.8909592e+001,
  9.0000000e+003, -4.7304489e+001,
  9.0312500e+003, -5.1255508e+001,
  9.0625000e+003, -5.3025234e+001,
  9.0937500e+003, -4.9638649e+001,
  9.1250000e+003, -4.9556335e+001,
  9.1562500e+003, -5.1384857e+001,
  9.1875000e+003, -5.7458370e+001,
  9.2187500e+003, -5.4089424e+001,
  9.2500000e+003, -6.4313858e+001,
  9.2812500e+003, -6.6395201e+001,
  9.3125000e+003, -6.5042915e+001,
  9.3437500e+003, -5.4800842e+001,
  9.3750000e+003, -5.4189373e+001,
  9.4062500e+003, -5.4471592e+001,
  9.4375000e+003, -5.3442680e+001,
  9.4687500e+003, -5.5653366e+001,
  9.5000000e+003, -5.7811142e+001,
  9.5312500e+003, -5.4136459e+001,
  9.5625000e+003, -5.2002205e+001,
  9.5937500e+003, -5.4071785e+001,
  9.6250000e+003, -6.4895931e+001,
  9.6562500e+003, -6.5719059e+001,
  9.6875000e+003, -5.3419163e+001,
  9.7187500e+003, -5.2548996e+001,
  9.7500000e+003, -5.6223679e+001,
  9.7812500e+003, -5.4524506e+001,
  9.8125000e+003, -5.2925285e+001,
  9.8437500e+003, -5.1914013e+001,
  9.8750000e+003, -5.5253563e+001,
  9.9062500e+003, -5.8734222e+001,
  9.9375000e+003, -5.3877762e+001,
  9.9687500e+003, -5.3289814e+001,
  1.0000000e+004, -5.7828781e+001,
  1.0031250e+004, -5.3748413e+001,
  1.0062500e+004, -5.2190346e+001,
  1.0093750e+004, -6.4543159e+001,
  1.0125000e+004, -5.4618576e+001,
  1.0156250e+004, -5.4630337e+001,
  1.0187500e+004, -5.7452492e+001,
  1.0218750e+004, -5.2155071e+001,
  1.0250000e+004, -5.1437771e+001,
  1.0281250e+004, -4.7333885e+001,
  1.0312500e+004, -4.7574947e+001,
  1.0343750e+004, -5.2619549e+001,
  1.0375000e+004, -4.9732719e+001,
  1.0406250e+004, -4.7239815e+001,
  1.0437500e+004, -5.1320183e+001,
  1.0468750e+004, -5.9851326e+001,
  1.0500000e+004, -5.6758713e+001,
  1.0531250e+004, -5.7411335e+001,
  1.0562500e+004, -5.4983105e+001,
  1.0593750e+004, -5.6547050e+001,
  1.0625000e+004, -6.1197727e+001,
  1.0656250e+004, -5.7675915e+001,
  1.0687500e+004, -5.5377033e+001,
  1.0718750e+004, -5.9627903e+001,
  1.0750000e+004, -6.0550983e+001,
  1.0781250e+004, -6.1227127e+001,
  1.0812500e+004, -5.5700405e+001,
  1.0843750e+004, -5.4865517e+001,
  1.0875000e+004, -5.1184956e+001,
  1.0906250e+004, -5.2819454e+001,
  1.0937500e+004, -5.4983105e+001,
  1.0968750e+004, -5.2196228e+001,
  1.1000000e+004, -5.9269257e+001,
  1.1031250e+004, -6.3308468e+001,
  1.1062500e+004, -6.0051228e+001,
  1.1093750e+004, -5.4953709e+001,
  1.1125000e+004, -5.6982132e+001,
  1.1156250e+004, -5.0785149e+001,
  1.1187500e+004, -5.2560757e+001,
  1.1218750e+004, -6.3349625e+001,
  1.1250000e+004, -6.2955696e+001,
  1.1281250e+004, -7.5984652e+001,
  1.1312500e+004, -5.5553417e+001,
  1.1343750e+004, -5.0573486e+001,
  1.1375000e+004, -5.1067364e+001,
  1.1406250e+004, -5.7687672e+001,
  1.1437500e+004, -6.9722992e+001,
  1.1468750e+004, -6.5295734e+001,
  1.1500000e+004, -5.4994865e+001,
  1.1531250e+004, -5.5741562e+001,
  1.1562500e+004, -6.4266823e+001,
  1.1593750e+004, -5.9945396e+001,
  1.1625000e+004, -5.8093357e+001,
  1.1656250e+004, -5.3489716e+001,
  1.1687500e+004, -5.1861095e+001,
  1.1718750e+004, -5.0226597e+001,
  1.1750000e+004, -4.8515663e+001,
  1.1781250e+004, -5.2690105e+001,
  1.1812500e+004, -5.9422123e+001,
  1.1843750e+004, -5.8052200e+001,
  1.1875000e+004, -5.7799381e+001,
  1.1906250e+004, -6.4596077e+001,
  1.1937500e+004, -5.5083057e+001,
  1.1968750e+004, -5.3824844e+001,
  1.2000000e+004, -6.9176199e+001,
  1.2031250e+004, -6.0527466e+001,
  1.2062500e+004, -5.1884613e+001,
  1.2093750e+004, -5.3430920e+001,
  1.2125000e+004, -5.3507355e+001,
  1.2156250e+004, -4.9738598e+001,
  1.2187500e+004, -5.5476982e+001,
  1.2218750e+004, -6.0110023e+001,
  1.2250000e+004, -6.5307495e+001,
  1.2281250e+004, -5.3089909e+001,
  1.2312500e+004, -5.0514690e+001,
  1.2343750e+004, -5.1049725e+001,
  1.2375000e+004, -4.8421593e+001,
  1.2406250e+004, -4.7927715e+001,
  1.2437500e+004, -5.1525963e+001,
  1.2468750e+004, -4.9967899e+001,
