  0.0000000e+000, -6.0827320e+001,
  7.8125000e+000, -5.0179562e+001,
  1.5625000e+001, -3.9102596e+001,
  2.3437500e+001, -1.4249985e+001,
  3.1250000e+001, -1.0240173e+001,
  3.9062500e+001, -1.8447945e+001,
  4.6875000e+001, -4.4400021e+001,
  5.4687500e+001, -5.5571056e+001,
  6.2500000e+001, -6.3179119e+001,
  7.0312500e+001, -6.9129164e+001,
  7.8125000e+001, -7.4432465e+001,
  8.5937500e+001, -7.6931250e+001,
  9.3750000e+001, -8.4133627e+001,
  1.0156250e+002, -8.2393298e+001,
  1.0937500e+002, -8.7314432e+001,
  1.1718750e+002, -9.6457043e+001,
  1.2500000e+002, -8.8325706e+001,
  1.3281250e+002, -9.6962679e+001,
  1.4062500e+002, -9.3335032e+001,
  1.4843750e+002, -9.8391396e+001,
  1.5625000e+002, -9.5316421e+001,
  1.6406250e+002, -9.8391396e+001,
  1.7187500e+002, -9.0213022e+001,
  1.7968750e+002, -9.3875946e+001,
  1.8750000e+002, -9.3399707e+001,
  1.9531250e+002, -9.8391396e+001,
  2.0312500e+002, -9.7374243e+001,
  2.1093750e+002, -9.8391396e+001,
  2.1875000e+002, -9.2635373e+001,
  2.2656250e+002, -9.5775022e+001,
  2.3437500e+002, -9.4152282e+001,
  2.4218750e+002, -9.8391396e+001,
  2.5000000e+002, -9.8391396e+001,
  2.5781250e+002, -9.8391396e+001,
  2.6562500e+002, -9.6457043e+001,
  2.7343750e+002, -9.8391396e+001,
  2.8125000e+002, -9.8391396e+001,
  2.8906250e+002, -9.8391396e+001,
  2.9687500e+002, -9.8391396e+001,
  3.0468750e+002, -9.8391396e+001,
  3.1250000e+002, -9.5486927e+001,
  3.2031250e+002, -9.0324733e+001,
  3.2812500e+002, -9.4075849e+001,
  3.3593750e+002, -9.8391396e+001,
  3.4375000e+002, -9.7427159e+001,
  3.5156250e+002, -9.8391396e+001,
  3.5937500e+002, -9.8391396e+001,
  3.6718750e+002, -9.8132698e+001,
  3.7500000e+002, -9.8391396e+001,
  3.8281250e+002, -9.8391396e+001,
  3.9062500e+002, -9.8391396e+001,
  3.9843750e+002, -9.8391396e+001,
  4.0625000e+002, -9.7315449e+001,
  4.1406250e+002, -9.8391396e+001,
  4.2187500e+002, -9.8391396e+001,
  4.2968750e+002, -9.6286537e+001,
  4.3750000e+002, -9.8326721e+001,
  4.4531250e+002, -9.1336005e+001,
  4.5312500e+002, -9.1806365e+001,
  4.6093750e+002, -9.5775022e+001,
  4.6875000e+002, -9.8391396e+001,
  4.7656250e+002, -9.8391396e+001,
  4.8437500e+002, -9.8326721e+001,
  4.9218750e+002, -9.1806365e+001,
  5.0000000e+002, -9.1353643e+001,
  5.0781250e+002, -9.8391396e+001,
  5.1562500e+002, -9.8391396e+001,
  5.2343750e+002, -9.8391396e+001,
  5.3125000e+002, -9.8391396e+001,
  5.3906250e+002, -9.8391396e+001,
  5.4687500e+002, -9.8391396e+001,
  5.5468750e+002, -9.8391396e+001,
  5.6250000e+002, -9.8132698e+001,
  5.7031250e+002, -9.8391396e+001,
  5.7812500e+002, -9.4075849e+001,
  5.8593750e+002, -9.8391396e+001,
  5.9375000e+002, -9.4610882e+001,
  6.0156250e+002, -9.8391396e+001,
  6.0937500e+002, -9.8391396e+001,
  6.1718750e+002, -9.5093001e+001,
  6.2500000e+002, -9.1835762e+001,
  6.3281250e+002, -9.4305149e+001,
  6.4062500e+002, -9.8391396e+001,
  6.4843750e+002, -9.7162582e+001,
  6.5625000e+002, -9.3446743e+001,
  6.6406250e+002, -9.4152282e+001,
  6.7187500e+002, -9.8391396e+001,
  6.7968750e+002, -9.4846062e+001,
  6.8750000e+002, -9.4846062e+001,
  6.9531250e+002, -9.8391396e+001,
  7.0312500e+002, -9.8391396e+001,
  7.1093750e+002, -9.8391396e+001,
  7.1875000e+002, -9.7374243e+001,
  7.2656250e+002, -9.7826964e+001,
  7.3437500e+002, -9.7826964e+001,
  7.4218750e+002, -9.6457043e+001,
  7.5000000e+002, -9.8391396e+001,
  7.5781250e+002, -9.8391396e+001,
  7.6562500e+002, -9.8132698e+001,
  7.7343750e+002, -9.8391396e+001,
  7.8125000e+002, -9.8391396e+001,
  7.8906250e+002, -9.6909764e+001,
  7.9687500e+002, -9.4363944e+001,
  8.0468750e+002, -9.6080755e+001,
  8.1250000e+002, -9.7826964e+001,
  8.2031250e+002, -9.8391396e+001,
  8.2812500e+002, -9.8391396e+001,
  8.3593750e+002, -9.8391396e+001,
  8.4375000e+002, -9.8391396e+001,
  8.5156250e+002, -9.8391396e+001,
  8.5937500e+002, -9.8391396e+001,
  8.6718750e+002, -9.8391396e+001,
  8.7500000e+002, -9.5316421e+001,
  8.8281250e+002, -9.6410007e+001,
  8.9062500e+002, -9.8391396e+001,
  8.9843750e+002, -9.3011661e+001,
  9.0625000e+002, -9.3446743e+001,
  9.1406250e+002, -9.7826964e+001,
  9.2187500e+002, -9.8391396e+001,
  9.2968750e+002, -9.8391396e+001,
  9.3750000e+002, -9.8391396e+001,
  9.4531250e+002, -9.8391396e+001,
  9.5312500e+002, -9.5927888e+001,
  9.6093750e+002, -9.4305149e+001,
  9.6875000e+002, -8.4798010e+001,
  9.7656250e+002, -9.1406559e+001,
  9.8437500e+002, -9.8391396e+001,
  9.9218750e+002, -5.1284904e+001,
  1.0000000e+003, -4.5217270e+001,
  1.0078125e+003, -5.1337822e+001,
  1.0156250e+003, -7.6607878e+001,
  1.0234375e+003, -5.1767025e+001,
  1.0312500e+003, -4.7757210e+001,
  1.0390625e+003, -5.5976742e+001,
  1.0468750e+003, -8.3357534e+001,
  1.0546875e+003, -8.2740188e+001,
  1.0625000e+003, -8.7773033e+001,
  1.0703125e+003, -9.8391396e+001,
  1.0781250e+003, -9.6080755e+001,
  1.0859375e+003, -9.8391396e+001,
  1.0937500e+003, -9.8391396e+001,
  1.1015625e+003, -9.8391396e+001,
  1.1093750e+003, -9.8326721e+001,
  1.1171875e+003, -9.8391396e+001,
  1.1250000e+003, -9.8391396e+001,
  1.1328125e+003, -9.8391396e+001,
  1.1406250e+003, -9.2353157e+001,
  1.1484375e+003, -9.1336005e+001,
  1.1562500e+003, -9.8391396e+001,
  1.1640625e+003, -9.8391396e+001,
  1.1718750e+003, -9.8326721e+001,
  1.1796875e+003, -9.5381096e+001,
  1.1875000e+003, -9.6204225e+001,
  1.1953125e+003, -9.8391396e+001,
  1.2031250e+003, -9.8391396e+001,
  1.2109375e+003, -9.8391396e+001,
  1.2187500e+003, -9.8391396e+001,
  1.2265625e+003, -9.8391396e+001,
  1.2343750e+003, -9.8391396e+001,
  1.2421875e+003, -9.8391396e+001,
  1.2500000e+003, -9.8391396e+001,
  1.2578125e+003, -9.8391396e+001,
  1.2656250e+003, -9.8391396e+001,
  1.2734375e+003, -9.8391396e+001,
  1.2812500e+003, -9.7374243e+001,
  1.2890625e+003, -9.3446743e+001,
  1.2968750e+003, -9.8391396e+001,
  1.3046875e+003, -9.8391396e+001,
  1.3125000e+003, -9.8391396e+001,
  1.3203125e+003, -9.6457043e+001,
  1.3281250e+003, -9.7427159e+001,
  1.3359375e+003, -9.6204225e+001,
  1.3437500e+003, -9.8391396e+001,
  1.3515625e+003, -9.8391396e+001,
  1.3593750e+003, -9.7374243e+001,
  1.3671875e+003, -9.7826964e+001,
  1.3750000e+003, -9.8391396e+001,
  1.3828125e+003, -9.8391396e+001,
  1.3906250e+003, -9.8391396e+001,
  1.3984375e+003, -9.8391396e+001,
  1.4062500e+003, -9.8391396e+001,
  1.4140625e+003, -9.8391396e+001,
  1.4218750e+003, -9.6457043e+001,
  1.4296875e+003, -9.7374243e+001,
  1.4375000e+003, -9.8391396e+001,
  1.4453125e+003, -9.8391396e+001,
  1.4531250e+003, -9.8391396e+001,
  1.4609375e+003, -9.8391396e+001,
  1.4687500e+003, -9.6286537e+001,
  1.4765625e+003, -9.7885759e+001,
  1.4843750e+003, -9.8391396e+001,
  1.4921875e+003, -9.8391396e+001,
  1.5000000e+003, -9.8391396e+001,
  1.5078125e+003, -9.8391396e+001,
  1.5156250e+003, -9.8391396e+001,
  1.5234375e+003, -9.8391396e+001,
  1.5312500e+003, -9.7162582e+001,
  1.5390625e+003, -9.8391396e+001,
  1.5468750e+003, -9.5316421e+001,
  1.5546875e+003, -9.7885759e+001,
  1.5625000e+003, -9.4175800e+001,
  1.5703125e+003, -9.7374243e+001,
  1.5781250e+003, -9.8391396e+001,
  1.5859375e+003, -9.8391396e+001,
  1.5937500e+003, -9.7374243e+001,
  1.6015625e+003, -9.8391396e+001,
  1.6093750e+003, -9.8391396e+001,
  1.6171875e+003, -9.8391396e+001,
  1.6250000e+003, -9.8391396e+001,
  1.6328125e+003, -9.8391396e+001,
  1.6406250e+003, -9.8391396e+001,
  1.6484375e+003, -9.8391396e+001,
  1.6562500e+003, -9.8391396e+001,
  1.6640625e+003, -9.5592757e+001,
  1.6718750e+003, -9.6962679e+001,
  1.6796875e+003, -9.7315449e+001,
  1.6875000e+003, -9.7374243e+001,
  1.6953125e+003, -9.8391396e+001,
  1.7031250e+003, -9.8391396e+001,
  1.7109375e+003, -9.8391396e+001,
  1.7187500e+003, -9.8391396e+001,
  1.7265625e+003, -9.8391396e+001,
  1.7343750e+003, -9.5486927e+001,
  1.7421875e+003, -9.8391396e+001,
  1.7500000e+003, -9.8391396e+001,
  1.7578125e+003, -9.8391396e+001,
  1.7656250e+003, -9.5927888e+001,
  1.7734375e+003, -9.7826964e+001,
  1.7812500e+003, -9.5775022e+001,
  1.7890625e+003, -9.8391396e+001,
  1.7968750e+003, -9.8391396e+001,
  1.8046875e+003, -9.8391396e+001,
  1.8125000e+003, -9.8391396e+001,
  1.8203125e+003, -9.8391396e+001,
  1.8281250e+003, -9.7768169e+001,
  1.8359375e+003, -9.3511417e+001,
  1.8437500e+003, -9.8391396e+001,
  1.8515625e+003, -9.8391396e+001,
  1.8593750e+003, -9.4846062e+001,
  1.8671875e+003, -9.8391396e+001,
  1.8750000e+003, -9.8391396e+001,
  1.8828125e+003, -9.2306121e+001,
  1.8906250e+003, -9.8391396e+001,
  1.8984375e+003, -9.8391396e+001,
  1.9062500e+003, -8.9971963e+001,
  1.9140625e+003, -9.1718172e+001,
  1.9218750e+003, -9.1788726e+001,
  1.9296875e+003, -9.4175800e+001,
  1.9375000e+003, -8.7490817e+001,
  1.9453125e+003, -8.7555491e+001,
  1.9531250e+003, -8.4233579e+001,
  1.9609375e+003, -8.0605932e+001,
  1.9687500e+003, -8.3592714e+001,
  1.9765625e+003, -7.3791601e+001,
  1.9843750e+003, -7.2615702e+001,
  1.9921875e+003, -6.6318768e+001,
  2.0000000e+003, -6.1538738e+001,
  2.0078125e+003, -5.2207985e+001,
  2.0156250e+003, -3.9179031e+001,
  2.0234375e+003, -1.4238228e+001,
  2.0312500e+003, -1.0246048e+001,
  2.0390625e+003, -1.8459702e+001,
  2.0468750e+003, -4.4305950e+001,
  2.0546875e+003, -5.5482864e+001,
  2.0625000e+003, -6.2867504e+001,
  2.0703125e+003, -6.8670563e+001,
  2.0781250e+003, -7.2991989e+001,
  2.0859375e+003, -8.1523132e+001,
  2.0937500e+003, -7.5390823e+001,
  2.1015625e+003, -8.5797523e+001,
  2.1093750e+003, -8.6538340e+001,
  2.1171875e+003, -8.7420263e+001,
  2.1250000e+003, -9.3011661e+001,
  2.1328125e+003, -9.4152282e+001,
  2.1406250e+003, -9.3875946e+001,
  2.1484375e+003, -9.3193924e+001,
  2.1562500e+003, -9.0865646e+001,
  2.1640625e+003, -9.8391396e+001,
  2.1718750e+003, -9.4875459e+001,
  2.1796875e+003, -9.8391396e+001,
  2.1875000e+003, -9.3781874e+001,
  2.1953125e+003, -9.8391396e+001,
  2.2031250e+003, -9.8391396e+001,
  2.2109375e+003, -9.4610882e+001,
  2.2187500e+003, -9.2935227e+001,
  2.2265625e+003, -9.7826964e+001,
  2.2343750e+003, -9.7826964e+001,
  2.2421875e+003, -9.8391396e+001,
  2.2500000e+003, -9.8391396e+001,
  2.2578125e+003, -9.8391396e+001,
  2.2656250e+003, -9.8391396e+001,
  2.2734375e+003, -9.8391396e+001,
  2.2812500e+003, -9.8391396e+001,
  2.2890625e+003, -9.8391396e+001,
  2.2968750e+003, -9.8391396e+001,
  2.3046875e+003, -9.8391396e+001,
  2.3125000e+003, -9.6962679e+001,
  2.3203125e+003, -9.8391396e+001,
  2.3281250e+003, -9.8391396e+001,
  2.3359375e+003, -9.8391396e+001,
  2.3437500e+003, -9.8391396e+001,
  2.3515625e+003, -9.8391396e+001,
  2.3593750e+003, -9.8391396e+001,
  2.3671875e+003, -9.8391396e+001,
  2.3750000e+003, -9.8391396e+001,
  2.3828125e+003, -9.8391396e+001,
  2.3906250e+003, -9.8391396e+001,
  2.3984375e+003, -9.8391396e+001,
  2.4062500e+003, -9.8391396e+001,
  2.4140625e+003, -9.8391396e+001,
  2.4218750e+003, -9.8391396e+001,
  2.4296875e+003, -9.5381096e+001,
  2.4375000e+003, -9.2935227e+001,
  2.4453125e+003, -9.8132698e+001,
  2.4531250e+003, -9.8391396e+001,
  2.4609375e+003, -9.8391396e+001,
  2.4687500e+003, -9.8391396e+001,
  2.4765625e+003, -9.8391396e+001,
  2.4843750e+003, -9.8391396e+001,
  2.4921875e+003, -9.8391396e+001,
  2.5000000e+003, -9.8391396e+001,
  2.5078125e+003, -9.8391396e+001,
  2.5156250e+003, -9.8132698e+001,
  2.5234375e+003, -9.8391396e+001,
  2.5312500e+003, -9.8391396e+001,
  2.5390625e+003, -9.6286537e+001,
  2.5468750e+003, -9.7315449e+001,
  2.5546875e+003, -9.8391396e+001,
  2.5625000e+003, -9.8391396e+001,
  2.5703125e+003, -9.5775022e+001,
  2.5781250e+003, -9.4152282e+001,
  2.5859375e+003, -9.8391396e+001,
  2.5937500e+003, -9.8391396e+001,
  2.6015625e+003, -9.8391396e+001,
  2.6093750e+003, -9.8391396e+001,
  2.6171875e+003, -9.8391396e+001,
  2.6250000e+003, -9.8391396e+001,
  2.6328125e+003, -9.8391396e+001,
  2.6406250e+003, -9.8391396e+001,
  2.6484375e+003, -9.8326721e+001,
  2.6562500e+003, -9.6457043e+001,
  2.6640625e+003, -9.6909764e+001,
  2.6718750e+003, -9.6410007e+001,
  2.6796875e+003, -9.8326721e+001,
  2.6875000e+003, -9.8391396e+001,
  2.6953125e+003, -9.8391396e+001,
  2.7031250e+003, -9.8391396e+001,
  2.7109375e+003, -9.6410007e+001,
  2.7187500e+003, -9.8391396e+001,
  2.7265625e+003, -9.5775022e+001,
  2.7343750e+003, -9.4728472e+001,
  2.7421875e+003, -9.8391396e+001,
  2.7500000e+003, -9.6080755e+001,
  2.7578125e+003, -9.7885759e+001,
  2.7656250e+003, -9.8391396e+001,
  2.7734375e+003, -9.8391396e+001,
  2.7812500e+003, -9.8391396e+001,
  2.7890625e+003, -9.8391396e+001,
  2.7968750e+003, -9.8391396e+001,
  2.8046875e+003, -9.8391396e+001,
  2.8125000e+003, -9.7885759e+001,
  2.8203125e+003, -9.8391396e+001,
  2.8281250e+003, -9.8391396e+001,
  2.8359375e+003, -9.8391396e+001,
  2.8437500e+003, -9.6457043e+001,
  2.8515625e+003, -9.8391396e+001,
  2.8593750e+003, -9.8391396e+001,
  2.8671875e+003, -9.8391396e+001,
  2.8750000e+003, -9.8391396e+001,
  2.8828125e+003, -9.8391396e+001,
  2.8906250e+003, -9.8391396e+001,
  2.8984375e+003, -9.7162582e+001,
  2.9062500e+003, -9.8391396e+001,
  2.9140625e+003, -9.8391396e+001,
  2.9218750e+003, -9.8391396e+001,
  2.9296875e+003, -9.8391396e+001,
  2.9375000e+003, -9.6410007e+001,
  2.9453125e+003, -9.5486927e+001,
  2.9531250e+003, -9.8391396e+001,
  2.9609375e+003, -9.6457043e+001,
  2.9687500e+003, -9.8326721e+001,
  2.9765625e+003, -9.8391396e+001,
  2.9843750e+003, -9.6457043e+001,
  2.9921875e+003, -9.8391396e+001,
  3.0000000e+003, -9.8391396e+001,
  3.0078125e+003, -9.8391396e+001,
  3.0156250e+003, -9.8391396e+001,
  3.0234375e+003, -8.9625072e+001,
  3.0312500e+003, -8.7314432e+001,
  3.0390625e+003, -9.3529056e+001,
  3.0468750e+003, -9.7315449e+001,
  3.0546875e+003, -8.8019972e+001,
  3.0625000e+003, -8.6520701e+001,
  3.0703125e+003, -9.4846062e+001,
  3.0781250e+003, -9.8391396e+001,
  3.0859375e+003, -9.8391396e+001,
  3.0937500e+003, -9.6410007e+001,
  3.1015625e+003, -9.8391396e+001,
  3.1093750e+003, -9.4846062e+001,
  3.1171875e+003, -8.8255152e+001,
