  0.0000000e+000, -4.3335831e+001,
  3.1250000e+001, -4.8104099e+001,
  6.2500000e+001, -5.0761631e+001,
  9.3750000e+001, -5.1708229e+001,
  1.2500000e+002, -5.1349579e+001,
  1.5625000e+002, -5.3195740e+001,
  1.8750000e+002, -5.5341755e+001,
  2.1875000e+002, -4.8680290e+001,
  2.5000000e+002, -4.7845402e+001,
  2.8125000e+002, -6.4819496e+001,
  3.1250000e+002, -5.4818481e+001,
  3.4375000e+002, -5.3348606e+001,
  3.7500000e+002, -5.5159492e+001,
  4.0625000e+002, -5.2149189e+001,
  4.3750000e+002, -5.8063961e+001,
  4.6875000e+002, -5.8493164e+001,
  5.0000000e+002, -6.7706327e+001,
  5.3125000e+002, -5.1249630e+001,
  5.6250000e+002, -4.8192291e+001,
  5.9375000e+002, -5.2278538e+001,
  6.2500000e+002, -5.6429462e+001,
  6.5625000e+002, -5.3724895e+001,
  6.8750000e+002, -5.3248657e+001,
  7.1875000e+002, -5.7017410e+001,
  7.5000000e+002, -4.9526936e+001,
  7.8125000e+002, -5.1167316e+001,
  8.1250000e+002, -6.2550011e+001,
  8.4375000e+002, -5.7240829e+001,
  8.7500000e+002, -5.4089424e+001,
  9.0625000e+002, -5.5671005e+001,
  9.3750000e+002, -5.3730774e+001,
  9.6875000e+002, -5.5047779e+001,
  1.0000000e+003, -5.3013477e+001,
  1.0312500e+003, -5.3236897e+001,
  1.0625000e+003, -5.2131554e+001,
  1.0937500e+003, -5.6641121e+001,
  1.1250000e+003, -6.2902782e+001,
  1.1562500e+003, -6.4143356e+001,
  1.1875000e+003, -7.0111038e+001,
  1.2187500e+003, -5.8475525e+001,
  1.2500000e+003, -5.6658760e+001,
  1.2812500e+003, -5.9145786e+001,
  1.3125000e+003, -5.6641121e+001,
  1.3437500e+003, -5.6623486e+001,
  1.3750000e+003, -4.8157017e+001,
  1.4062500e+003, -5.0949776e+001,
  1.4375000e+003, -5.3354488e+001,
  1.4687500e+003, -5.5124214e+001,
  1.5000000e+003, -5.1484810e+001,
  1.5312500e+003, -5.0308910e+001,
  1.5625000e+003, -5.3577908e+001,
  1.5937500e+003, -6.6165901e+001,
  1.6250000e+003, -5.2313816e+001,
  1.6562500e+003, -5.9039955e+001,
  1.6875000e+003, -5.4036507e+001,
  1.7187500e+003, -5.1961048e+001,
  1.7500000e+003, -5.1690590e+001,
  1.7812500e+003, -5.0326550e+001,
  1.8125000e+003, -5.7199673e+001,
  1.8437500e+003, -6.2326591e+001,
  1.8750000e+003, -5.6970375e+001,
  1.9062500e+003, -5.3419163e+001,
  1.9375000e+003, -5.9298653e+001,
  1.9687500e+003, -5.2584274e+001,
  2.0000000e+003, -5.4595058e+001,
  2.0312500e+003, -5.7575962e+001,
  2.0625000e+003, -6.0186455e+001,
  2.0937500e+003, -6.4713665e+001,
  2.1250000e+003, -6.9964052e+001,
  2.1562500e+003, -5.3730774e+001,
  2.1875000e+003, -4.8492146e+001,
  2.2187500e+003, -4.8186413e+001,
  2.2500000e+003, -5.3313332e+001,
  2.2812500e+003, -5.6006138e+001,
  2.3125000e+003, -4.9362312e+001,
  2.3437500e+003, -5.3848366e+001,
  2.3750000e+003, -5.4953709e+001,
  2.4062500e+003, -5.6494137e+001,
  2.4375000e+003, -5.7634758e+001,
  2.4687500e+003, -5.2795937e+001,
  2.5000000e+003, -5.0473534e+001,
  2.5312500e+003, -5.2960560e+001,
  2.5625000e+003, -5.0614643e+001,
  2.5937500e+003, -4.7839523e+001,
  2.6250000e+003, -4.9421108e+001,
  2.6562500e+003, -5.6106091e+001,
  2.6875000e+003, -4.9838551e+001,
  2.7187500e+003, -5.4859638e+001,
  2.7500000e+003, -7.3209532e+001,
  2.7812500e+003, -5.7864056e+001,
  2.8125000e+003, -5.3707256e+001,
  2.8437500e+003, -5.5635731e+001,
  2.8750000e+003, -6.2873383e+001,
  2.9062500e+003, -5.2842972e+001,
  2.9375000e+003, -5.4101181e+001,
  2.9687500e+003, -5.0285393e+001,
  3.0000000e+003, -5.5106575e+001,
  3.0312500e+003, -5.7916973e+001,
  3.0625000e+003, -5.7640636e+001,
  3.0937500e+003, -5.5277081e+001,
  3.1250000e+003, -5.5494621e+001,
  3.1562500e+003, -6.4754822e+001,
  3.1875000e+003, -5.4295204e+001,
  3.2187500e+003, -5.6188400e+001,
  3.2500000e+003, -5.7223194e+001,
  3.2812500e+003, -6.0586262e+001,
  3.3125000e+003, -5.2907646e+001,
  3.3437500e+003, -4.9873829e+001,
  3.3750000e+003, -4.9526936e+001,
  3.4062500e+003, -5.0849823e+001,
  3.4375000e+003, -5.1284904e+001,
  3.4687500e+003, -5.9110508e+001,
  3.5000000e+003, -5.4207012e+001,
  3.5312500e+003, -6.1638691e+001,
  3.5625000e+003, -5.2548996e+001,
  3.5937500e+003, -4.8521545e+001,
  3.6250000e+003, -4.8962505e+001,
  3.6562500e+003, -5.7276108e+001,
  3.6875000e+003, -5.2960560e+001,
  3.7187500e+003, -4.9544575e+001,
  3.7500000e+003, -5.1355461e+001,
  3.7812500e+003, -6.3155602e+001,
  3.8125000e+003, -6.7800398e+001,
  3.8437500e+003, -5.7711189e+001,
  3.8750000e+003, -5.2901764e+001,
  3.9062500e+003, -4.7945354e+001,
  3.9375000e+003, -4.5963966e+001,
  3.9687500e+003, -4.6257938e+001,
  4.0000000e+003, -4.9826790e+001,
  4.0312500e+003, -7.0793060e+001,
  4.0625000e+003, -5.1996323e+001,
  4.0937500e+003, -5.3948315e+001,
  4.1250000e+003, -5.9751373e+001,
  4.1562500e+003, -6.0121780e+001,
  4.1875000e+003, -6.4384415e+001,
  4.2187500e+003, -5.1484810e+001,
  4.2500000e+003, -5.2884129e+001,
  4.2812500e+003, -5.0344185e+001,
  4.3125000e+003, -5.1026207e+001,
  4.3437500e+003, -5.1625916e+001,
  4.3750000e+003, -5.0167801e+001,
  4.4062500e+003, -5.4183495e+001,
  4.4375000e+003, -6.3132080e+001,
  4.4687500e+003, -5.8281502e+001,
  4.5000000e+003, -5.7834660e+001,
  4.5312500e+003, -5.9598507e+001,
  4.5625000e+003, -4.9138889e+001,
  4.5937500e+003, -5.2578392e+001,
  4.6250000e+003, -6.3426056e+001,
  4.6562500e+003, -6.1867992e+001,
  4.6875000e+003, -5.7693550e+001,
  4.7187500e+003, -5.6905701e+001,
  4.7500000e+003, -5.4024750e+001,
  4.7812500e+003, -5.4289326e+001,
  4.8125000e+003, -5.1349579e+001,
  4.8437500e+003, -5.9375088e+001,
  4.8750000e+003, -6.3390778e+001,
  4.9062500e+003, -5.5106575e+001,
  4.9375000e+003, -5.8622513e+001,
  4.9687500e+003, -5.0314789e+001,
  5.0000000e+003, -5.1461288e+001,
  5.0312500e+003, -5.3830727e+001,
  5.0625000e+003, -5.1484810e+001,
  5.0937500e+003, -5.1049725e+001,
  5.1250000e+003, -5.2648949e+001,
  5.1562500e+003, -5.8428490e+001,
  5.1875000e+003, -5.6940975e+001,
  5.2187500e+003, -5.1649433e+001,
  5.2500000e+003, -5.2995838e+001,
  5.2812500e+003, -5.1220230e+001,
  5.3125000e+003, -5.9281013e+001,
  5.3437500e+003, -6.7335918e+001,
  5.3750000e+003, -5.1925770e+001,
  5.4062500e+003, -5.2213863e+001,
  5.4375000e+003, -5.2337334e+001,
  5.4687500e+003, -5.7476009e+001,
  5.5000000e+003, -5.1719986e+001,
  5.5312500e+003, -5.4489227e+001,
  5.5625000e+003, -5.2619549e+001,
  5.5937500e+003, -5.2637188e+001,
  5.6250000e+003, -5.1132038e+001,
  5.6562500e+003, -4.9732719e+001,
  5.6875000e+003, -5.1608276e+001,
  5.7187500e+003, -5.1096760e+001,
  5.7500000e+003, -5.3283932e+001,
  5.7812500e+003, -5.6905701e+001,
  5.8125000e+003, -6.0462791e+001,
  5.8437500e+003, -5.2678345e+001,
  5.8750000e+003, -5.5612213e+001,
  5.9062500e+003, -6.6883198e+001,
  5.9375000e+003, -6.7865072e+001,
  5.9687500e+003, -5.5553417e+001,
  6.0000000e+003, -6.0492191e+001,
  6.0312500e+003, -5.5794476e+001,
  6.0625000e+003, -5.4642094e+001,
  6.0937500e+003, -5.3895401e+001,
  6.1250000e+003, -5.5435825e+001,
  6.1562500e+003, -6.5136990e+001,
  6.1875000e+003, -6.9158562e+001,
  6.2187500e+003, -6.3884655e+001,
  6.2500000e+003, -6.0768524e+001,
  6.2812500e+003, -5.4912552e+001,
  6.3125000e+003, -5.4506866e+001,
  6.3437500e+003, -6.1444668e+001,
  6.3750000e+003, -5.6464737e+001,
  6.4062500e+003, -5.7440735e+001,
  6.4375000e+003, -5.0232475e+001,
  6.4687500e+003, -6.6224693e+001,
  6.5000000e+003, -5.8887089e+001,
  6.5312500e+003, -5.6764591e+001,
  6.5625000e+003, -6.2497097e+001,
  6.5937500e+003, -5.8951763e+001,
  6.6250000e+003, -5.5141853e+001,
  6.6562500e+003, -4.9944382e+001,
  6.6875000e+003, -5.2695984e+001,
  6.7187500e+003, -5.2237385e+001,
  6.7500000e+003, -5.0426498e+001,
  6.7812500e+003, -5.1631794e+001,
  6.8125000e+003, -5.0408859e+001,
  6.8437500e+003, -5.4865517e+001,
  6.8750000e+003, -5.3601425e+001,
  6.9062500e+003, -5.1426014e+001,
  6.9375000e+003, -7.7560356e+001,
  6.9687500e+003, -5.9157547e+001,
  7.0000000e+003, -6.0045349e+001,
  7.0312500e+003, -5.1943409e+001,
  7.0625000e+003, -4.9321156e+001,
  7.0937500e+003, -5.3019356e+001,
  7.1250000e+003, -6.3320225e+001,
  7.1562500e+003, -6.5254578e+001,
  7.1875000e+003, -5.4453953e+001,
  7.2187500e+003, -5.9204582e+001,
  7.2500000e+003, -6.1532860e+001,
  7.2812500e+003, -6.6283489e+001,
  7.3125000e+003, -5.8916485e+001,
  7.3437500e+003, -5.2560757e+001,
  7.3750000e+003, -5.3283932e+001,
  7.4062500e+003, -5.1620037e+001,
  7.4375000e+003, -5.8493164e+001,
  7.4687500e+003, -6.6142384e+001,
  7.5000000e+003, -5.5923824e+001,
  7.5312500e+003, -5.8181549e+001,
  7.5625000e+003, -5.5488743e+001,
  7.5937500e+003, -5.5876789e+001,
  7.6250000e+003, -4.8997784e+001,
  7.6562500e+003, -5.0579365e+001,
  7.6875000e+003, -5.4289326e+001,
  7.7187500e+003, -4.6945839e+001,
  7.7500000e+003, -4.4852741e+001,
  7.7812500e+003, -4.8833157e+001,
  7.8125000e+003, -6.6783247e+001,
  7.8437500e+003, -5.4918430e+001,
  7.8750000e+003, -5.1420135e+001,
  7.9062500e+003, -5.3671978e+001,
  7.9375000e+003, -5.1878735e+001,
  7.9687500e+003, -4.9656284e+001,
  8.0000000e+003, -5.1496567e+001,
  8.0312500e+003, -5.5894428e+001,
  8.0625000e+003, -5.3671978e+001,
  8.0937500e+003, -5.2078636e+001,
  8.1250000e+003, -5.0173683e+001,
  8.1562500e+003, -5.0649921e+001,
  8.1875000e+003, -5.4548023e+001,
  8.2187500e+003, -5.3748413e+001,
  8.2500000e+003, -5.9192822e+001,
  8.2812500e+003, -6.2062016e+001,
  8.3125000e+003, -5.6088451e+001,
  8.3437500e+003, -6.2555893e+001,
  8.3750000e+003, -5.1961048e+001,
  8.4062500e+003, -5.5377033e+001,
  8.4375000e+003, -5.9339809e+001,
  8.4687500e+003, -5.0520573e+001,
  8.5000000e+003, -5.0144283e+001,
  8.5312500e+003, -5.3707256e+001,
  8.5625000e+003, -5.6564690e+001,
  8.5937500e+003, -4.9732719e+001,
  8.6250000e+003, -4.9844429e+001,
  8.6562500e+003, -5.6070812e+001,
  8.6875000e+003, -5.2772415e+001,
  8.7187500e+003, -5.0355946e+001,
  8.7500000e+003, -5.0461777e+001,
  8.7812500e+003, -5.0432381e+001,
  8.8125000e+003, -5.4988987e+001,
  8.8437500e+003, -5.4747925e+001,
  8.8750000e+003, -6.1015465e+001,
  8.9062500e+003, -5.3683739e+001,
  8.9375000e+003, -4.8839035e+001,
  8.9687500e+003, -5.5200645e+001,
  9.0000000e+003, -5.1179073e+001,
  9.0312500e+003, -5.2060997e+001,
  9.0625000e+003, -5.4947830e+001,
  9.0937500e+003, -6.2009098e+001,
  9.1250000e+003, -6.2620567e+001,
  9.1562500e+003, -6.4260944e+001,
  9.1875000e+003, -7.6513805e+001,
  9.2187500e+003, -5.8534321e+001,
  9.2500000e+003, -5.7911095e+001,
  9.2812500e+003, -5.9169304e+001,
  9.3125000e+003, -5.3195740e+001,
  9.3437500e+003, -5.6852783e+001,
  9.3750000e+003, -6.3784706e+001,
  9.4062500e+003, -6.6142384e+001,
  9.4375000e+003, -6.2426544e+001,
  9.4687500e+003, -6.2250156e+001,
  9.5000000e+003, -5.7017410e+001,
  9.5312500e+003, -5.6441219e+001,
  9.5625000e+003, -5.6129608e+001,
  9.5937500e+003, -5.3689617e+001,
  9.6250000e+003, -5.4342239e+001,
  9.6562500e+003, -6.0257011e+001,
  9.6875000e+003, -6.0492191e+001,
  9.7187500e+003, -6.1368233e+001,
  9.7500000e+003, -5.7393696e+001,
  9.7812500e+003, -6.0498070e+001,
  9.8125000e+003, -5.3624943e+001,
  9.8437500e+003, -6.1791557e+001,
  9.8750000e+003, -5.3236897e+001,
  9.9062500e+003, -5.3636703e+001,
  9.9375000e+003, -5.2284420e+001,
  9.9687500e+003, -4.8756725e+001,
  1.0000000e+004, -4.9950260e+001,
  1.0031250e+004, -5.5506382e+001,
  1.0062500e+004, -5.9592628e+001,
  1.0093750e+004, -5.3436798e+001,
  1.0125000e+004, -5.0867462e+001,
  1.0156250e+004, -5.2813572e+001,
  1.0187500e+004, -5.3325089e+001,
  1.0218750e+004, -6.0280529e+001,
  1.0250000e+004, -5.7711189e+001,
  1.0281250e+004, -5.5506382e+001,
  1.0312500e+004, -5.2443165e+001,
  1.0343750e+004, -5.5835632e+001,
  1.0375000e+004, -5.6594086e+001,
  1.0406250e+004, -5.4542145e+001,
  1.0437500e+004, -5.4471592e+001,
  1.0468750e+004, -5.3060513e+001,
  1.0500000e+004, -5.6811626e+001,
  1.0531250e+004, -6.1297680e+001,
  1.0562500e+004, -5.4930191e+001,
  1.0593750e+004, -5.4377518e+001,
  1.0625000e+004, -4.8139378e+001,
  1.0656250e+004, -4.7333885e+001,
  1.0687500e+004, -5.2296177e+001,
  1.0718750e+004, -5.0479416e+001,
  1.0750000e+004, -5.3278053e+001,
  1.0781250e+004, -4.8339279e+001,
  1.0812500e+004, -4.5940449e+001,
  1.0843750e+004, -4.8162895e+001,
  1.0875000e+004, -5.0908619e+001,
  1.0906250e+004, -4.9274120e+001,
  1.0937500e+004, -5.8610752e+001,
  1.0968750e+004, -6.4696026e+001,
  1.1000000e+004, -4.9903225e+001,
  1.1031250e+004, -5.1796421e+001,
  1.1062500e+004, -5.7975769e+001,
  1.1093750e+004, -5.8028683e+001,
  1.1125000e+004, -5.3401524e+001,
  1.1156250e+004, -6.3966969e+001,
  1.1187500e+004, -5.4500988e+001,
  1.1218750e+004, -5.2207985e+001,
  1.1250000e+004, -6.4243305e+001,
  1.1281250e+004, -5.1573002e+001,
  1.1312500e+004, -6.1673969e+001,
  1.1343750e+004, -5.4777325e+001,
  1.1375000e+004, -5.3119308e+001,
  1.1406250e+004, -6.5577950e+001,
  1.1437500e+004, -5.8299141e+001,
  1.1468750e+004, -5.3366245e+001,
  1.1500000e+004, -5.1943409e+001,
  1.1531250e+004, -5.2431408e+001,
  1.1562500e+004, -6.7330040e+001,
  1.1593750e+004, -5.5841511e+001,
  1.1625000e+004, -5.9604385e+001,
  1.1656250e+004, -5.6164883e+001,
  1.1687500e+004, -5.2143311e+001,
  1.1718750e+004, -5.1155556e+001,
  1.1750000e+004, -5.4606819e+001,
  1.1781250e+004, -4.9597492e+001,
  1.1812500e+004, -4.9668045e+001,
  1.1843750e+004, -5.6664642e+001,
  1.1875000e+004, -5.9286896e+001,
  1.1906250e+004, -5.2260902e+001,
  1.1937500e+004, -4.9350552e+001,
  1.1968750e+004, -5.4060024e+001,
  1.2000000e+004, -5.0344185e+001,
  1.2031250e+004, -5.3354488e+001,
  1.2062500e+004, -5.7993404e+001,
  1.2093750e+004, -5.1049725e+001,
  1.2125000e+004, -5.6270714e+001,
  1.2156250e+004, -6.3014492e+001,
  1.2187500e+004, -5.3901279e+001,
  1.2218750e+004, -4.8633255e+001,
  1.2250000e+004, -5.0003178e+001,
  1.2281250e+004, -5.6564690e+001,
  1.2312500e+004, -5.3383884e+001,
  1.2343750e+004, -5.0855701e+001,
  1.2375000e+004, -5.8887089e+001,
  1.2406250e+004, -5.7305504e+001,
  1.2437500e+004, -5.6241318e+001,
  1.2468750e+004, -6.7618134e+001,
