  0.0000000e+000, -4.8768482e+001,
  3.1250000e+001, -5.4847878e+001,
  6.2500000e+001, -5.9545593e+001,
  9.3750000e+001, -5.2731262e+001,
  1.2500000e+002, -5.1143799e+001,
  1.5625000e+002, -5.3084030e+001,
  1.8750000e+002, -6.0239372e+001,
  2.1875000e+002, -4.9209446e+001,
  2.5000000e+002, -4.6234421e+001,
  2.8125000e+002, -5.0126644e+001,
  3.1250000e+002, -6.0398117e+001,
  3.4375000e+002, -4.8445110e+001,
  3.7500000e+002, -5.8093357e+001,
  4.0625000e+002, -5.7499527e+001,
  4.3750000e+002, -5.3166344e+001,
  4.6875000e+002, -5.4218773e+001,
  5.0000000e+002, -5.9821926e+001,
  5.3125000e+002, -5.1555363e+001,
  5.6250000e+002, -5.3930676e+001,
  5.9375000e+002, -5.6970375e+001,
  6.2500000e+002, -5.2660706e+001,
  6.5625000e+002, -6.2990974e+001,
  6.8750000e+002, -6.7083101e+001,
  7.1875000e+002, -5.9104630e+001,
  7.5000000e+002, -5.5347633e+001,
  7.8125000e+002, -5.2213863e+001,
  8.1250000e+002, -5.3325089e+001,
  8.4375000e+002, -5.6635242e+001,
  8.7500000e+002, -5.5441708e+001,
  9.0625000e+002, -5.2037479e+001,
  9.3750000e+002, -4.9873829e+001,
  9.6875000e+002, -5.0173683e+001,
  1.0000000e+003, -5.5812115e+001,
  1.0312500e+003, -6.4496124e+001,
  1.0625000e+003, -6.9781788e+001,
  1.0937500e+003, -5.1043846e+001,
  1.1250000e+003, -5.0620522e+001,
  1.1562500e+003, -6.2026737e+001,
  1.1875000e+003, -6.8211964e+001,
  1.2187500e+003, -5.1719986e+001,
  1.2500000e+003, -4.9797394e+001,
  1.2812500e+003, -6.3526009e+001,
  1.3125000e+003, -4.8680290e+001,
  1.3437500e+003, -5.0920376e+001,
  1.3750000e+003, -5.7593601e+001,
  1.4062500e+003, -5.9651424e+001,
  1.4375000e+003, -5.7340782e+001,
  1.4687500e+003, -5.7981647e+001,
  1.5000000e+003, -5.2919403e+001,
  1.5312500e+003, -5.3777809e+001,
  1.5625000e+003, -4.8721447e+001,
  1.5937500e+003, -4.6075676e+001,
  1.6250000e+003, -5.2290298e+001,
  1.6562500e+003, -5.6717556e+001,
  1.6875000e+003, -5.9904240e+001,
  1.7187500e+003, -5.1261387e+001,
  1.7500000e+003, -4.8133499e+001,
  1.7812500e+003, -5.1796421e+001,
  1.8125000e+003, -4.8127617e+001,
  1.8437500e+003, -4.6722420e+001,
  1.8750000e+003, -5.2795937e+001,
  1.9062500e+003, -4.8621494e+001,
  1.9375000e+003, -5.5506382e+001,
  1.9687500e+003, -5.9586750e+001,
  2.0000000e+003, -5.1525963e+001,
  2.0312500e+003, -5.2925285e+001,
  2.0625000e+003, -5.2519600e+001,
  2.0937500e+003, -5.1808182e+001,
  2.1250000e+003, -5.6053173e+001,
  2.1562500e+003, -5.1220230e+001,
  2.1875000e+003, -5.7493649e+001,
  2.2187500e+003, -5.8669548e+001,
  2.2500000e+003, -5.4424553e+001,
  2.2812500e+003, -5.6576447e+001,
  2.3125000e+003, -4.9732719e+001,
  2.3437500e+003, -5.0379463e+001,
  2.3750000e+003, -5.3824844e+001,
  2.4062500e+003, -6.6501030e+001,
  2.4375000e+003, -5.5565174e+001,
  2.4687500e+003, -5.7252590e+001,
  2.5000000e+003, -6.0086506e+001,
  2.5312500e+003, -5.4753807e+001,
  2.5625000e+003, -5.6694038e+001,
  2.5937500e+003, -5.6582329e+001,
  2.6250000e+003, -6.3602440e+001,
  2.6562500e+003, -5.6335388e+001,
  2.6875000e+003, -5.8504921e+001,
  2.7187500e+003, -5.0285393e+001,
  2.7500000e+003, -4.7745453e+001,
  2.7812500e+003, -5.4548023e+001,
  2.8125000e+003, -4.9897346e+001,
  2.8437500e+003, -4.6087433e+001,
  2.8750000e+003, -4.6681263e+001,
  2.9062500e+003, -5.2160950e+001,
  2.9375000e+003, -5.4242290e+001,
  2.9687500e+003, -5.8199188e+001,
  3.0000000e+003, -5.8863571e+001,
  3.0312500e+003, -5.2625431e+001,
  3.0625000e+003, -5.0826305e+001,
  3.0937500e+003, -5.2790054e+001,
  3.1250000e+003, -6.5007641e+001,
  3.1562500e+003, -6.2855747e+001,
  3.1875000e+003, -5.8052200e+001,
  3.2187500e+003, -5.4771442e+001,
  3.2500000e+003, -5.6652882e+001,
  3.2812500e+003, -5.2231503e+001,
  3.3125000e+003, -5.8140392e+001,
  3.3437500e+003, -4.9391708e+001,
  3.3750000e+003, -5.1514206e+001,
  3.4062500e+003, -5.0749870e+001,
  3.4375000e+003, -4.9150650e+001,
  3.4687500e+003, -5.2548996e+001,
  3.5000000e+003, -5.4636215e+001,
  3.5312500e+003, -5.6694038e+001,
  3.5625000e+003, -6.0897877e+001,
  3.5937500e+003, -5.9475037e+001,
  3.6250000e+003, -5.5894428e+001,
  3.6562500e+003, -5.6694038e+001,
  3.6875000e+003, -4.9456383e+001,
  3.7187500e+003, -5.2013962e+001,
  3.7500000e+003, -5.3401524e+001,
  3.7812500e+003, -5.8669548e+001,
  3.8125000e+003, -6.1668087e+001,
  3.8437500e+003, -5.1849339e+001,
  3.8750000e+003, -4.9862068e+001,
  3.9062500e+003, -5.4495110e+001,
  3.9375000e+003, -5.1473049e+001,
  3.9687500e+003, -5.3183983e+001,
  4.0000000e+003, -5.8175671e+001,
  4.0312500e+003, -4.5769943e+001,
  4.0625000e+003, -4.7816006e+001,
  4.0937500e+003, -5.7123241e+001,
  4.1250000e+003, -5.8016922e+001,
  4.1562500e+003, -6.4831257e+001,
  4.1875000e+003, -5.4330482e+001,
  4.2187500e+003, -5.3248657e+001,
  4.2500000e+003, -6.0991947e+001,
  4.2812500e+003, -6.0745007e+001,
  4.3125000e+003, -5.0614643e+001,
  4.3437500e+003, -5.2207985e+001,
  4.3750000e+003, -5.3866001e+001,
  4.4062500e+003, -5.3219257e+001,
  4.4375000e+003, -4.9444626e+001,
  4.4687500e+003, -5.4171738e+001,
  4.5000000e+003, -5.7916973e+001,
  4.5312500e+003, -5.7899334e+001,
  4.5625000e+003, -4.9468143e+001,
  4.5937500e+003, -5.0985050e+001,
  4.6250000e+003, -5.2354973e+001,
  4.6562500e+003, -5.9063473e+001,
  4.6875000e+003, -6.2367748e+001,
  4.7187500e+003, -5.1931648e+001,
  4.7500000e+003, -5.0303032e+001,
  4.7812500e+003, -6.1738644e+001,
  4.8125000e+003, -5.3483837e+001,
  4.8437500e+003, -5.4071785e+001,
  4.8750000e+003, -5.9551472e+001,
  4.9062500e+003, -6.1873871e+001,
  4.9375000e+003, -6.1191849e+001,
  4.9687500e+003, -5.5694523e+001,
  5.0000000e+003, -5.6358906e+001,
  5.0312500e+003, -5.1849339e+001,
  5.0625000e+003, -4.9180046e+001,
  5.0937500e+003, -4.9844429e+001,
  5.1250000e+003, -4.8109982e+001,
  5.1562500e+003, -5.4665615e+001,
  5.1875000e+003, -5.0855701e+001,
  5.2187500e+003, -5.0250114e+001,
  5.2500000e+003, -5.9592628e+001,
  5.2812500e+003, -4.8403954e+001,
  5.3125000e+003, -5.9910122e+001,
  5.3437500e+003, -5.0455898e+001,
  5.3750000e+003, -5.8328537e+001,
  5.4062500e+003, -5.8463764e+001,
  5.4375000e+003, -5.1931648e+001,
  5.4687500e+003, -4.8209930e+001,
  5.5000000e+003, -5.3789570e+001,
  5.5312500e+003, -5.3178101e+001,
  5.5625000e+003, -4.8380436e+001,
  5.5937500e+003, -5.1684711e+001,
  5.6250000e+003, -5.3624943e+001,
  5.6562500e+003, -5.3742535e+001,
  5.6875000e+003, -5.4207012e+001,
  5.7187500e+003, -5.1443653e+001,
  5.7500000e+003, -5.3319210e+001,
  5.7812500e+003, -5.9833687e+001,
  5.8125000e+003, -5.2078636e+001,
  5.8437500e+003, -5.4577419e+001,
  5.8750000e+003, -6.6459875e+001,
  5.9062500e+003, -5.5882668e+001,
  5.9375000e+003, -5.0532330e+001,
  5.9687500e+003, -4.9662167e+001,
  6.0000000e+003, -6.3608322e+001,
  6.0312500e+003, -5.4571541e+001,
  6.0625000e+003, -5.8581356e+001,
  6.0937500e+003, -6.1509342e+001,
  6.1250000e+003, -4.8803761e+001,
  6.1562500e+003, -5.1279026e+001,
  6.1875000e+003, -5.1819939e+001,
  6.2187500e+003, -5.0773388e+001,
  6.2500000e+003, -5.5576935e+001,
  6.2812500e+003, -5.8675426e+001,
  6.3125000e+003, -5.8951763e+001,
  6.3437500e+003, -6.0151180e+001,
  6.3750000e+003, -5.6635242e+001,
  6.4062500e+003, -4.7422081e+001,
  6.4375000e+003, -4.8821400e+001,
  6.4687500e+003, -7.6019928e+001,
  6.5000000e+003, -6.2696999e+001,
  6.5312500e+003, -5.1067364e+001,
  6.5625000e+003, -5.0126644e+001,
  6.5937500e+003, -6.1668087e+001,
  6.6250000e+003, -5.3189861e+001,
  6.6562500e+003, -5.7017410e+001,
  6.6875000e+003, -5.5859150e+001,
  6.7187500e+003, -6.3943451e+001,
  6.7500000e+003, -5.5012505e+001,
  6.7812500e+003, -5.4012989e+001,
  6.8125000e+003, -6.6548067e+001,
  6.8437500e+003, -6.1191849e+001,
  6.8750000e+003, -5.4883156e+001,
  6.9062500e+003, -5.7705311e+001,
  6.9375000e+003, -4.8168774e+001,
  6.9687500e+003, -5.2384369e+001,
  7.0000000e+003, -5.3060513e+001,
  7.0312500e+003, -5.3495594e+001,
  7.0625000e+003, -5.6341270e+001,
  7.0937500e+003, -7.0352098e+001,
  7.1250000e+003, -6.0015949e+001,
  7.1562500e+003, -6.2508854e+001,
  7.1875000e+003, -5.4377518e+001,
  7.2187500e+003, -5.0544090e+001,
  7.2500000e+003, -5.5535778e+001,
  7.2812500e+003, -5.3830727e+001,
  7.3125000e+003, -5.4007111e+001,
  7.3437500e+003, -4.8080582e+001,
  7.3750000e+003, -4.9391708e+001,
  7.4062500e+003, -6.1550499e+001,
  7.4375000e+003, -4.6534275e+001,
  7.4687500e+003, -4.7927715e+001,
  7.5000000e+003, -5.9898361e+001,
  7.5312500e+003, -5.1132038e+001,
  7.5625000e+003, -4.9462261e+001,
  7.5937500e+003, -5.1484810e+001,
  7.6250000e+003, -5.5888546e+001,
  7.6562500e+003, -5.6423580e+001,
  7.6875000e+003, -5.3907158e+001,
  7.7187500e+003, -5.2149189e+001,
  7.7500000e+003, -5.7952248e+001,
  7.7812500e+003, -5.7376060e+001,
  7.8125000e+003, -5.8781258e+001,
  7.8437500e+003, -5.4095303e+001,
  7.8750000e+003, -4.7222176e+001,
  7.9062500e+003, -4.9215324e+001,
  7.9375000e+003, -5.6376545e+001,
  7.9687500e+003, -6.5430962e+001,
  8.0000000e+003, -5.5130093e+001,
  8.0312500e+003, -5.4277565e+001,
  8.0625000e+003, -5.2831211e+001,
  8.0937500e+003, -5.1384857e+001,
  8.1250000e+003, -6.1973824e+001,
  8.1562500e+003, -5.4630337e+001,
  8.1875000e+003, -5.6594086e+001,
  8.2187500e+003, -5.8404972e+001,
  8.2500000e+003, -5.6159004e+001,
  8.2812500e+003, -5.6088451e+001,
  8.3125000e+003, -5.6976254e+001,
  8.3437500e+003, -5.3766052e+001,
  8.3750000e+003, -5.4977226e+001,
  8.4062500e+003, -5.0444138e+001,
  8.4375000e+003, -4.6863529e+001,
  8.4687500e+003, -4.9232964e+001,
  8.5000000e+003, -5.6106091e+001,
  8.5312500e+003, -6.6254093e+001,
  8.5625000e+003, -5.4965466e+001,
  8.5937500e+003, -5.0079609e+001,
  8.6250000e+003, -4.6099194e+001,
  8.6562500e+003, -4.9391708e+001,
  8.6875000e+003, -6.2126690e+001,
  8.7187500e+003, -5.4883156e+001,
  8.7500000e+003, -5.0614643e+001,
  8.7812500e+003, -5.0620522e+001,
  8.8125000e+003, -5.0826305e+001,
  8.8437500e+003, -5.3671978e+001,
  8.8750000e+003, -6.0792046e+001,
  8.9062500e+003, -6.6436356e+001,
  8.9375000e+003, -6.0921394e+001,
  8.9687500e+003, -5.6253075e+001,
  9.0000000e+003, -5.4365761e+001,
  9.0312500e+003, -5.6070812e+001,
  9.0625000e+003, -5.8040443e+001,
  9.0937500e+003, -5.5876789e+001,
  9.1250000e+003, -5.8810654e+001,
  9.1562500e+003, -4.9562214e+001,
  9.1875000e+003, -4.8315762e+001,
  9.2187500e+003, -5.3072269e+001,
  9.2500000e+003, -5.2255020e+001,
  9.2812500e+003, -5.3566147e+001,
  9.3125000e+003, -5.1284904e+001,
  9.3437500e+003, -5.1719986e+001,
  9.3750000e+003, -5.1267265e+001,
  9.4062500e+003, -5.0373585e+001,
  9.4375000e+003, -5.0303032e+001,
  9.4687500e+003, -5.5047779e+001,
  9.5000000e+003, -5.8152153e+001,
  9.5312500e+003, -5.8934124e+001,
  9.5625000e+003, -5.8910606e+001,
  9.5937500e+003, -5.0890980e+001,
  9.6250000e+003, -6.1209488e+001,
  9.6562500e+003, -5.2848850e+001,
  9.6875000e+003, -5.5947342e+001,
  9.7187500e+003, -5.1073242e+001,
  9.7500000e+003, -5.8363815e+001,
  9.7812500e+003, -5.0455898e+001,
  9.8125000e+003, -4.9244720e+001,
  9.8437500e+003, -5.6358906e+001,
  9.8750000e+003, -5.8375572e+001,
  9.9062500e+003, -5.1067364e+001,
  9.9375000e+003, -5.2419647e+001,
  9.9687500e+003, -5.1931648e+001,
  1.0000000e+004, -5.7911095e+001,
  1.0031250e+004, -5.0802788e+001,
  1.0062500e+004, -4.8639133e+001,
  1.0093750e+004, -5.0761631e+001,
  1.0125000e+004, -4.9038940e+001,
  1.0156250e+004, -5.5847393e+001,
  1.0187500e+004, -5.0250114e+001,
  1.0218750e+004, -5.1655312e+001,
  1.0250000e+004, -5.7046806e+001,
  1.0281250e+004, -6.1867992e+001,
  1.0312500e+004, -6.4172752e+001,
  1.0343750e+004, -6.2767555e+001,
  1.0375000e+004, -6.1109535e+001,
  1.0406250e+004, -5.6970375e+001,
  1.0437500e+004, -4.8733208e+001,
  1.0468750e+004, -4.8609737e+001,
  1.0500000e+004, -5.1549484e+001,
  1.0531250e+004, -4.9503418e+001,
  1.0562500e+004, -4.9562214e+001,
  1.0593750e+004, -5.7376060e+001,
  1.0625000e+004, -5.7952248e+001,
  1.0656250e+004, -4.9038940e+001,
  1.0687500e+004, -5.0003178e+001,
  1.0718750e+004, -5.5059540e+001,
  1.0750000e+004, -5.2443165e+001,
  1.0781250e+004, -5.5712162e+001,
  1.0812500e+004, -5.5524017e+001,
  1.0843750e+004, -6.2473579e+001,
  1.0875000e+004, -6.6495152e+001,
  1.0906250e+004, -6.3508369e+001,
  1.0937500e+004, -5.8722462e+001,
  1.0968750e+004, -5.5959103e+001,
  1.1000000e+004, -5.1790543e+001,
  1.1031250e+004, -5.3624943e+001,
  1.1062500e+004, -5.6447098e+001,
  1.1093750e+004, -4.9850307e+001,
  1.1125000e+004, -5.2384369e+001,
  1.1156250e+004, -5.7399578e+001,
  1.1187500e+004, -5.2766537e+001,
  1.1218750e+004, -4.9103615e+001,
  1.1250000e+004, -5.2713623e+001,
  1.1281250e+004, -4.9285877e+001,
  1.1312500e+004, -4.8821400e+001,
  1.1343750e+004, -5.1461288e+001,
  1.1375000e+004, -4.6446083e+001,
  1.1406250e+004, -5.0579365e+001,
  1.1437500e+004, -5.1649433e+001,
  1.1468750e+004, -4.7974751e+001,
  1.1500000e+004, -5.7440735e+001,
  1.1531250e+004, -5.6388306e+001,
  1.1562500e+004, -5.9616146e+001,
  1.1593750e+004, -5.2084515e+001,
  1.1625000e+004, -6.4249184e+001,
  1.1656250e+004, -5.3572029e+001,
  1.1687500e+004, -5.6999771e+001,
  1.1718750e+004, -5.1396614e+001,
  1.1750000e+004, -5.1473049e+001,
  1.1781250e+004, -6.0733250e+001,
  1.1812500e+004, -4.8398075e+001,
  1.1843750e+004, -5.1943409e+001,
  1.1875000e+004, -6.0621540e+001,
  1.1906250e+004, -5.4536266e+001,
  1.1937500e+004, -4.5664112e+001,
  1.1968750e+004, -4.5652351e+001,
  1.2000000e+004, -5.0890980e+001,
  1.2031250e+004, -5.2931164e+001,
  1.2062500e+004, -5.3795448e+001,
  1.2093750e+004, -5.6958614e+001,
  1.2125000e+004, -5.7229073e+001,
  1.2156250e+004, -5.2884129e+001,
  1.2187500e+004, -5.2660706e+001,
  1.2218750e+004, -6.9493692e+001,
  1.2250000e+004, -5.3254536e+001,
  1.2281250e+004, -5.4983105e+001,
  1.2312500e+004, -6.2408905e+001,
  1.2343750e+004, -5.4912552e+001,
  1.2375000e+004, -5.6029655e+001,
  1.2406250e+004, -6.5242821e+001,
  1.2437500e+004, -5.6658760e+001,
  1.2468750e+004, -5.1843456e+001,
