  0.0000000e+000, -4.9262360e+001,
  3.1250000e+001, -6.1021343e+001,
  6.2500000e+001, -5.5894428e+001,
  9.3750000e+001, -5.6594086e+001,
  1.2500000e+002, -5.1108521e+001,
  1.5625000e+002, -4.8933109e+001,
  1.8750000e+002, -5.3113426e+001,
  2.1875000e+002, -7.1004723e+001,
  2.5000000e+002, -5.9592628e+001,
  2.8125000e+002, -5.2178589e+001,
  3.1250000e+002, -5.4512745e+001,
  3.4375000e+002, -6.3214394e+001,
  3.7500000e+002, -7.3797480e+001,
  4.0625000e+002, -5.3589664e+001,
  4.3750000e+002, -5.7052689e+001,
  4.6875000e+002, -6.6883198e+001,
  5.0000000e+002, -5.9263374e+001,
  5.3125000e+002, -5.6629364e+001,
  5.6250000e+002, -4.9344673e+001,
  5.9375000e+002, -5.4424553e+001,
  6.2500000e+002, -5.0696957e+001,
  6.5625000e+002, -5.3913040e+001,
  6.8750000e+002, -5.0032574e+001,
  7.1875000e+002, -5.9516193e+001,
  7.5000000e+002, -5.2743019e+001,
  7.8125000e+002, -5.7381939e+001,
  8.1250000e+002, -5.6870422e+001,
  8.4375000e+002, -5.5500500e+001,
  8.7500000e+002, -5.4295204e+001,
  9.0625000e+002, -5.3918919e+001,
  9.3750000e+002, -5.6135487e+001,
  9.6875000e+002, -5.5788597e+001,
  1.0000000e+003, -5.6899818e+001,
  1.0312500e+003, -6.1068378e+001,
  1.0625000e+003, -7.0369736e+001,
  1.0937500e+003, -5.3031113e+001,
  1.1250000e+003, -4.8151134e+001,
  1.1562500e+003, -5.1061485e+001,
  1.1875000e+003, -5.5424068e+001,
  1.2187500e+003, -4.8603855e+001,
  1.2500000e+003, -4.9926743e+001,
  1.2812500e+003, -5.5529900e+001,
  1.3125000e+003, -5.0979172e+001,
  1.3437500e+003, -5.2860611e+001,
  1.3750000e+003, -5.3489716e+001,
  1.4062500e+003, -5.1331940e+001,
  1.4375000e+003, -4.7810127e+001,
  1.4687500e+003, -5.5812115e+001,
  1.5000000e+003, -5.3048752e+001,
  1.5312500e+003, -5.1085003e+001,
  1.5625000e+003, -5.4871395e+001,
  1.5937500e+003, -6.1879749e+001,
  1.6250000e+003, -5.5812115e+001,
  1.6562500e+003, -5.3766052e+001,
  1.6875000e+003, -5.5335876e+001,
  1.7187500e+003, -5.4271687e+001,
  1.7500000e+003, -6.6142384e+001,
  1.7812500e+003, -5.5329994e+001,
  1.8125000e+003, -5.1249630e+001,
  1.8437500e+003, -5.1208473e+001,
  1.8750000e+003, -7.9753407e+001,
  1.9062500e+003, -5.7005650e+001,
  1.9375000e+003, -5.6547050e+001,
  1.9687500e+003, -5.4448071e+001,
  2.0000000e+003, -5.3378006e+001,
  2.0312500e+003, -4.5822857e+001,
  2.0625000e+003, -4.7527908e+001,
  2.0937500e+003, -5.0432381e+001,
  2.1250000e+003, -5.3566147e+001,
  2.1562500e+003, -5.9663181e+001,
  2.1875000e+003, -6.0733250e+001,
  2.2187500e+003, -6.2408905e+001,
  2.2500000e+003, -5.4865517e+001,
  2.2812500e+003, -5.0132526e+001,
  2.3125000e+003, -5.5088936e+001,
  2.3437500e+003, -5.7658276e+001,
  2.3750000e+003, -5.7446613e+001,
  2.4062500e+003, -5.7305504e+001,
  2.4375000e+003, -4.8833157e+001,
  2.4687500e+003, -4.6410805e+001,
  2.5000000e+003, -4.7957111e+001,
  2.5312500e+003, -5.0056091e+001,
  2.5625000e+003, -5.2319695e+001,
  2.5937500e+003, -5.8234467e+001,
  2.6250000e+003, -5.5794476e+001,
  2.6562500e+003, -6.5960117e+001,
  2.6875000e+003, -5.4783203e+001,
  2.7187500e+003, -4.9897346e+001,
  2.7500000e+003, -5.6982132e+001,
  2.7812500e+003, -5.5912067e+001,
  2.8125000e+003, -5.7787624e+001,
  2.8437500e+003, -5.0732235e+001,
  2.8750000e+003, -5.0673439e+001,
  2.9062500e+003, -5.4753807e+001,
  2.9375000e+003, -5.2596031e+001,
  2.9687500e+003, -6.0556866e+001,
  3.0000000e+003, -5.7464252e+001,
  3.0312500e+003, -5.4812599e+001,
  3.0625000e+003, -5.3907158e+001,
  3.0937500e+003, -5.5265320e+001,
  3.1250000e+003, -5.6758713e+001,
  3.1562500e+003, -5.6999771e+001,
  3.1875000e+003, -5.7528927e+001,
  3.2187500e+003, -5.6370667e+001,
  3.2500000e+003, -4.8027668e+001,
  3.2812500e+003, -4.7110466e+001,
  3.3125000e+003, -4.8427471e+001,
  3.3437500e+003, -4.7786606e+001,
  3.3750000e+003, -4.6428444e+001,
  3.4062500e+003, -4.5364258e+001,
  3.4375000e+003, -4.7369164e+001,
  3.4687500e+003, -5.0602886e+001,
  3.5000000e+003, -4.7298611e+001,
  3.5312500e+003, -4.8550941e+001,
  3.5625000e+003, -6.5313374e+001,
  3.5937500e+003, -4.7721931e+001,
  3.6250000e+003, -5.4283447e+001,
  3.6562500e+003, -5.6182522e+001,
  3.6875000e+003, -6.4607834e+001,
  3.7187500e+003, -5.8875328e+001,
  3.7500000e+003, -6.5213421e+001,
  3.7812500e+003, -5.7887573e+001,
  3.8125000e+003, -5.7340782e+001,
  3.8437500e+003, -5.3995350e+001,
  3.8750000e+003, -5.4083542e+001,
  3.9062500e+003, -6.9699474e+001,
  3.9375000e+003, -5.5629848e+001,
  3.9687500e+003, -4.8921349e+001,
  4.0000000e+003, -4.8780243e+001,
  4.0312500e+003, -5.4518627e+001,
  4.0625000e+003, -5.7505409e+001,
  4.0937500e+003, -5.5565174e+001,
  4.1250000e+003, -5.8540199e+001,
  4.1562500e+003, -5.8105118e+001,
  4.1875000e+003, -5.8916485e+001,
  4.2187500e+003, -5.3148705e+001,
  4.2500000e+003, -5.6170765e+001,
  4.2812500e+003, -6.3526009e+001,
  4.3125000e+003, -5.2219746e+001,
  4.3437500e+003, -4.8033546e+001,
  4.3750000e+003, -5.0226597e+001,
  4.4062500e+003, -5.3666100e+001,
  4.4375000e+003, -5.6423580e+001,
  4.4687500e+003, -5.5335876e+001,
  4.5000000e+003, -5.3289814e+001,
  4.5312500e+003, -6.3114445e+001,
  4.5625000e+003, -5.2431408e+001,
  4.5937500e+003, -5.8687187e+001,
  4.6250000e+003, -5.4924313e+001,
  4.6562500e+003, -5.1643555e+001,
  4.6875000e+003, -5.6670521e+001,
  4.7187500e+003, -5.9469158e+001,
  4.7500000e+003, -6.6671535e+001,
  4.7812500e+003, -5.5959103e+001,
  4.8125000e+003, -5.7611240e+001,
  4.8437500e+003, -5.0908619e+001,
  4.8750000e+003, -5.2454926e+001,
  4.9062500e+003, -5.5465225e+001,
  4.9375000e+003, -5.6635242e+001,
  4.9687500e+003, -5.7487770e+001,
  5.0000000e+003, -6.0650936e+001,
  5.0312500e+003, -5.3225140e+001,
  5.0625000e+003, -5.6159004e+001,
  5.0937500e+003, -6.1197727e+001,
  5.1250000e+003, -5.0061970e+001,
  5.1562500e+003, -4.8803761e+001,
  5.1875000e+003, -5.2313816e+001,
  5.2187500e+003, -5.0549969e+001,
  5.2500000e+003, -5.6329510e+001,
  5.2812500e+003, -5.9045834e+001,
  5.3125000e+003, -5.8322659e+001,
  5.3437500e+003, -6.5566193e+001,
  5.3750000e+003, -5.9022316e+001,
  5.4062500e+003, -5.3207500e+001,
  5.4375000e+003, -5.7581841e+001,
  5.4687500e+003, -5.6435341e+001,
  5.5000000e+003, -5.4730289e+001,
  5.5312500e+003, -5.2043362e+001,
  5.5625000e+003, -5.4189373e+001,
  5.5937500e+003, -6.4349136e+001,
  5.6250000e+003, -5.7311386e+001,
  5.6562500e+003, -5.8581356e+001,
  5.6875000e+003, -5.5041901e+001,
  5.7187500e+003, -5.6376545e+001,
  5.7500000e+003, -5.3513233e+001,
  5.7812500e+003, -4.9268238e+001,
  5.8125000e+003, -5.0949776e+001,
  5.8437500e+003, -5.2225624e+001,
  5.8750000e+003, -5.5653366e+001,
  5.9062500e+003, -5.1055607e+001,
  5.9375000e+003, -5.0561729e+001,
  5.9687500e+003, -5.9416245e+001,
  6.0000000e+003, -5.5512260e+001,
  6.0312500e+003, -5.0655800e+001,
  6.0625000e+003, -5.0103127e+001,
  6.0937500e+003, -5.3619064e+001,
  6.1250000e+003, -5.8228584e+001,
  6.1562500e+003, -5.6688160e+001,
  6.1875000e+003, -4.9621010e+001,
  6.2187500e+003, -5.1108521e+001,
  6.2500000e+003, -5.8246223e+001,
  6.2812500e+003, -5.9116390e+001,
  6.3125000e+003, -6.3990486e+001,
  6.3437500e+003, -5.7440735e+001,
  6.3750000e+003, -5.4565662e+001,
  6.4062500e+003, -5.9392723e+001,
  6.4375000e+003, -7.0616674e+001,
  6.4687500e+003, -6.0098263e+001,
  6.5000000e+003, -4.9685684e+001,
  6.5312500e+003, -4.9379951e+001,
  6.5625000e+003, -5.5112453e+001,
  6.5937500e+003, -5.6164883e+001,
  6.6250000e+003, -5.3960075e+001,
  6.6562500e+003, -6.1021343e+001,
  6.6875000e+003, -4.9991417e+001,
  6.7187500e+003, -4.8550941e+001,
  6.7500000e+003, -5.1637676e+001,
  6.7812500e+003, -5.2443165e+001,
  6.8125000e+003, -5.5582813e+001,
  6.8437500e+003, -6.0415756e+001,
  6.8750000e+003, -5.5041901e+001,
  6.9062500e+003, -5.1243748e+001,
  6.9375000e+003, -5.6317749e+001,
  6.9687500e+003, -4.6257938e+001,
  7.0000000e+003, -4.5029125e+001,
  7.0312500e+003, -5.1667072e+001,
  7.0625000e+003, -5.1943409e+001,
  7.0937500e+003, -5.4906673e+001,
  7.1250000e+003, -5.2531357e+001,
  7.1562500e+003, -5.2813572e+001,
  7.1875000e+003, -5.8334415e+001,
  7.2187500e+003, -6.1415272e+001,
  7.2500000e+003, -5.3854244e+001,
  7.2812500e+003, -5.0685196e+001,
  7.3125000e+003, -5.0308910e+001,
  7.3437500e+003, -5.6082569e+001,
  7.3750000e+003, -5.2449043e+001,
  7.4062500e+003, -5.0361824e+001,
  7.4375000e+003, -5.3895401e+001,
  7.4687500e+003, -4.9820911e+001,
  7.5000000e+003, -5.0826305e+001,
  7.5312500e+003, -5.1731747e+001,
  7.5625000e+003, -5.1931648e+001,
  7.5937500e+003, -6.6083588e+001,
  7.6250000e+003, -5.4700890e+001,
  7.6562500e+003, -5.5829754e+001,
  7.6875000e+003, -5.7705311e+001,
  7.7187500e+003, -5.5077179e+001,
  7.7500000e+003, -5.0038452e+001,
  7.7812500e+003, -4.9862068e+001,
  7.8125000e+003, -4.9544575e+001,
  7.8437500e+003, -5.7064445e+001,
  7.8750000e+003, -5.9980675e+001,
  7.9062500e+003, -5.5694523e+001,
  7.9375000e+003, -6.7059582e+001,
  7.9687500e+003, -5.5782719e+001,
  8.0000000e+003, -5.5553417e+001,
  8.0312500e+003, -5.9116390e+001,
  8.0625000e+003, -5.8134514e+001,
  8.0937500e+003, -5.4589180e+001,
  8.1250000e+003, -5.3719013e+001,
  8.1562500e+003, -4.8580338e+001,
  8.1875000e+003, -5.4553902e+001,
  8.2187500e+003, -5.4412796e+001,
  8.2500000e+003, -4.6616589e+001,
  8.2812500e+003, -4.8033546e+001,
  8.3125000e+003, -4.8356918e+001,
  8.3437500e+003, -5.3160465e+001,
  8.3750000e+003, -5.4841999e+001,
  8.4062500e+003, -4.9509300e+001,
  8.4375000e+003, -6.0115902e+001,
  8.4687500e+003, -5.4489227e+001,
  8.5000000e+003, -5.4048267e+001,
  8.5312500e+003, -5.5377033e+001,
  8.5625000e+003, -5.2213863e+001,
  8.5937500e+003, -5.3460316e+001,
  8.6250000e+003, -5.6917458e+001,
  8.6562500e+003, -5.2660706e+001,
  8.6875000e+003, -5.0685196e+001,
  8.7187500e+003, -5.1790543e+001,
  8.7500000e+003, -5.7105602e+001,
  8.7812500e+003, -6.8758757e+001,
  8.8125000e+003, -5.7111481e+001,
  8.8437500e+003, -5.8969402e+001,
  8.8750000e+003, -5.6523533e+001,
  8.9062500e+003, -5.3013477e+001,
  8.9375000e+003, -5.7699432e+001,
  8.9687500e+003, -5.4024750e+001,
  9.0000000e+003, -5.0473534e+001,
  9.0312500e+003, -4.9685684e+001,
  9.0625000e+003, -5.7393696e+001,
  9.0937500e+003, -4.6798855e+001,
  9.1250000e+003, -4.5564159e+001,
  9.1562500e+003, -4.9127132e+001,
  9.1875000e+003, -5.4495110e+001,
  9.2187500e+003, -5.5853271e+001,
  9.2500000e+003, -5.9316292e+001,
  9.2812500e+003, -5.5512260e+001,
  9.3125000e+003, -5.3119308e+001,
  9.3437500e+003, -5.3401524e+001,
  9.3750000e+003, -5.6588207e+001,
  9.4062500e+003, -5.1561241e+001,
  9.4375000e+003, -4.8727325e+001,
  9.4687500e+003, -5.3724895e+001,
  9.5000000e+003, -4.8209930e+001,
  9.5312500e+003, -5.1496567e+001,
  9.5625000e+003, -5.8228584e+001,
  9.5937500e+003, -5.3060513e+001,
  9.6250000e+003, -5.1114399e+001,
  9.6562500e+003, -6.2861626e+001,
  9.6875000e+003, -5.9057594e+001,
  9.7187500e+003, -5.9263374e+001,
  9.7500000e+003, -5.6505894e+001,
  9.7812500e+003, -6.3355503e+001,
  9.8125000e+003, -6.3784706e+001,
  9.8437500e+003, -6.3061527e+001,
  9.8750000e+003, -5.1484810e+001,
  9.9062500e+003, -5.2795937e+001,
  9.9375000e+003, -4.8215809e+001,
  9.9687500e+003, -5.3231018e+001,
  1.0000000e+004, -5.6846905e+001,
  1.0031250e+004, -5.8228584e+001,
  1.0062500e+004, -5.5377033e+001,
  1.0093750e+004, -5.4183495e+001,
  1.0125000e+004, -5.0549969e+001,
  1.0156250e+004, -5.7323143e+001,
  1.0187500e+004, -5.7981647e+001,
  1.0218750e+004, -6.4496124e+001,
  1.0250000e+004, -5.1367218e+001,
  1.0281250e+004, -5.0350067e+001,
  1.0312500e+004, -5.6229557e+001,
  1.0343750e+004, -5.8557838e+001,
  1.0375000e+004, -5.6153126e+001,
  1.0406250e+004, -5.3842484e+001,
  1.0437500e+004, -5.7076206e+001,
  1.0468750e+004, -5.7587719e+001,
  1.0500000e+004, -5.2349094e+001,
  1.0531250e+004, -5.3630821e+001,
  1.0562500e+004, -5.2037479e+001,
  1.0593750e+004, -5.3918919e+001,
  1.0625000e+004, -6.6924355e+001,
  1.0656250e+004, -5.7734707e+001,
  1.0687500e+004, -5.0555847e+001,
  1.0718750e+004, -5.0855701e+001,
  1.0750000e+004, -5.7246712e+001,
  1.0781250e+004, -5.1661194e+001,
  1.0812500e+004, -5.2255020e+001,
  1.0843750e+004, -5.9898361e+001,
  1.0875000e+004, -6.0392239e+001,
  1.0906250e+004, -6.5425083e+001,
  1.0937500e+004, -5.4906673e+001,
  1.0968750e+004, -4.9515179e+001,
  1.1000000e+004, -5.2660706e+001,
  1.1031250e+004, -6.2755795e+001,
  1.1062500e+004, -6.5372169e+001,
  1.1093750e+004, -6.3608322e+001,
  1.1125000e+004, -5.3254536e+001,
  1.1156250e+004, -5.0714596e+001,
  1.1187500e+004, -5.1261387e+001,
  1.1218750e+004, -5.2631310e+001,
  1.1250000e+004, -7.1039999e+001,
  1.1281250e+004, -5.5265320e+001,
  1.1312500e+004, -6.6765608e+001,
  1.1343750e+004, -5.5559296e+001,
  1.1375000e+004, -6.2426544e+001,
  1.1406250e+004, -5.2137432e+001,
  1.1437500e+004, -5.5418190e+001,
  1.1468750e+004, -4.8592098e+001,
  1.1500000e+004, -4.9803272e+001,
  1.1531250e+004, -5.8751862e+001,
  1.1562500e+004, -5.1567120e+001,
  1.1593750e+004, -4.9515179e+001,
  1.1625000e+004, -6.3155602e+001,
  1.1656250e+004, -4.9950260e+001,
  1.1687500e+004, -4.6193264e+001,
  1.1718750e+004, -5.0955654e+001,
  1.1750000e+004, -6.5766094e+001,
  1.1781250e+004, -5.9968914e+001,
  1.1812500e+004, -5.4812599e+001,
  1.1843750e+004, -5.1596519e+001,
  1.1875000e+004, -5.3231018e+001,
  1.1906250e+004, -5.8034561e+001,
  1.1937500e+004, -5.6082569e+001,
  1.1968750e+004, -6.2250156e+001,
  1.2000000e+004, -5.7176155e+001,
  1.2031250e+004, -6.6783247e+001,
  1.2062500e+004, -6.3508369e+001,
  1.2093750e+004, -5.5959103e+001,
  1.2125000e+004, -4.8227570e+001,
  1.2156250e+004, -4.9944382e+001,
  1.2187500e+004, -5.4459831e+001,
  1.2218750e+004, -5.6876301e+001,
  1.2250000e+004, -5.6400063e+001,
  1.2281250e+004, -5.2631310e+001,
  1.2312500e+004, -5.4212891e+001,
  1.2343750e+004, -5.0014935e+001,
  1.2375000e+004, -4.9632767e+001,
  1.2406250e+004, -5.9480919e+001,
  1.2437500e+004, -6.4854774e+001,
  1.2468750e+004, -5.8675426e+001,
