  0.0000000e+000, -4.7592583e+001,
  3.1250000e+001, -5.2431408e+001,
  6.2500000e+001, -6.2026737e+001,
  9.3750000e+001, -5.4500988e+001,
  1.2500000e+002, -5.6223679e+001,
  1.5625000e+002, -6.7900351e+001,
  1.8750000e+002, -6.9317307e+001,
  2.1875000e+002, -5.4136459e+001,
  2.5000000e+002, -5.1714108e+001,
  2.8125000e+002, -5.2890007e+001,
  3.1250000e+002, -6.1715126e+001,
  3.4375000e+002, -5.7129120e+001,
  3.7500000e+002, -5.5406429e+001,
  4.0625000e+002, -5.8105118e+001,
  4.3750000e+002, -5.8357933e+001,
  4.6875000e+002, -6.0086506e+001,
  5.0000000e+002, -5.9816048e+001,
  5.3125000e+002, -5.5970860e+001,
  5.6250000e+002, -5.8851810e+001,
  5.9375000e+002, -5.0426498e+001,
  6.2500000e+002, -5.5135971e+001,
  6.5625000e+002, -5.1825817e+001,
  6.8750000e+002, -4.5793461e+001,
  7.1875000e+002, -4.6792973e+001,
  7.5000000e+002, -6.5854286e+001,
  7.8125000e+002, -5.2766537e+001,
  8.1250000e+002, -5.5471104e+001,
  8.4375000e+002, -6.2620567e+001,
  8.7500000e+002, -5.5253563e+001,
  9.0625000e+002, -5.7164398e+001,
  9.3750000e+002, -5.7099724e+001,
  9.6875000e+002, -6.0927273e+001,
  1.0000000e+003, -6.0427517e+001,
  1.0312500e+003, -5.4630337e+001,
  1.0625000e+003, -4.5987484e+001,
  1.0937500e+003, -4.7069309e+001,
  1.1250000e+003, -5.6423580e+001,
  1.1562500e+003, -5.5682766e+001,
  1.1875000e+003, -5.5964981e+001,
  1.2187500e+003, -5.2396130e+001,
  1.2500000e+003, -5.8669548e+001,
  1.2812500e+003, -5.5765079e+001,
  1.3125000e+003, -5.5788597e+001,
  1.3437500e+003, -4.9962021e+001,
  1.3750000e+003, -5.1014450e+001,
  1.4062500e+003, -5.7464252e+001,
  1.4375000e+003, -5.7117363e+001,
  1.4687500e+003, -6.0686214e+001,
  1.5000000e+003, -5.2966438e+001,
  1.5312500e+003, -5.1279026e+001,
  1.5625000e+003, -4.9244720e+001,
  1.5937500e+003, -4.8692051e+001,
  1.6250000e+003, -5.4348122e+001,
  1.6562500e+003, -5.5576935e+001,
  1.6875000e+003, -6.3455456e+001,
  1.7187500e+003, -5.0461777e+001,
  1.7500000e+003, -5.5465225e+001,
  1.7812500e+003, -6.2891022e+001,
  1.8125000e+003, -5.9480919e+001,
  1.8437500e+003, -6.0674454e+001,
  1.8750000e+003, -5.4159977e+001,
  1.9062500e+003, -5.0479416e+001,
  1.9375000e+003, -6.0062988e+001,
  1.9687500e+003, -5.4941948e+001,
  2.0000000e+003, -5.7728828e+001,
  2.0312500e+003, -6.5436844e+001,
  2.0625000e+003, -5.9463280e+001,
  2.0937500e+003, -6.3167358e+001,
  2.1250000e+003, -5.4242290e+001,
  2.1562500e+003, -5.0996811e+001,
  2.1875000e+003, -5.9233978e+001,
  2.2187500e+003, -5.4671494e+001,
  2.2500000e+003, -5.4295204e+001,
  2.2812500e+003, -5.4677372e+001,
  2.3125000e+003, -5.1866974e+001,
  2.3437500e+003, -5.4836117e+001,
  2.3750000e+003, -5.2619549e+001,
  2.4062500e+003, -5.0261875e+001,
  2.4375000e+003, -4.9826790e+001,
  2.4687500e+003, -4.9515179e+001,
  2.5000000e+003, -4.7810127e+001,
  2.5312500e+003, -5.0044334e+001,
  2.5625000e+003, -5.4065907e+001,
  2.5937500e+003, -4.9973778e+001,
  2.6250000e+003, -5.2002205e+001,
  2.6562500e+003, -6.7353558e+001,
  2.6875000e+003, -5.5318237e+001,
  2.7187500e+003, -5.4112942e+001,
  2.7500000e+003, -5.9533833e+001,
  2.7812500e+003, -5.9292774e+001,
  2.8125000e+003, -4.1336803e+001,
  2.8437500e+003, -3.7033016e+001,
  2.8750000e+003, -4.5646473e+001,
  2.9062500e+003, -4.9180046e+001,
  2.9375000e+003, -5.0608765e+001,
  2.9687500e+003, -6.3002731e+001,
  3.0000000e+003, -6.2820469e+001,
  3.0312500e+003, -6.1068378e+001,
  3.0625000e+003, -5.1308422e+001,
  3.0937500e+003, -4.9791515e+001,
  3.1250000e+003, -5.2860611e+001,
  3.1562500e+003, -5.2049240e+001,
  3.1875000e+003, -4.7586704e+001,
  3.2187500e+003, -5.1655312e+001,
  3.2500000e+003, -6.7776880e+001,
  3.2812500e+003, -6.1973824e+001,
  3.3125000e+003, -5.4612698e+001,
  3.3437500e+003, -6.1762161e+001,
  3.3750000e+003, -5.5429947e+001,
  3.4062500e+003, -5.2842972e+001,
  3.4375000e+003, -5.2143311e+001,
  3.4687500e+003, -5.2407887e+001,
  3.5000000e+003, -5.5712162e+001,
  3.5312500e+003, -5.6729317e+001,
  3.5625000e+003, -4.9350552e+001,
  3.5937500e+003, -4.7821884e+001,
  3.6250000e+003, -5.1937531e+001,
  3.6562500e+003, -5.9851326e+001,
  3.6875000e+003, -4.6052158e+001,
  3.7187500e+003, -4.4817463e+001,
  3.7500000e+003, -4.7827763e+001,
  3.7812500e+003, -4.8609737e+001,
  3.8125000e+003, -4.7704296e+001,
  3.8437500e+003, -5.5000744e+001,
  3.8750000e+003, -5.6059052e+001,
  3.9062500e+003, -5.6758713e+001,
  3.9375000e+003, -5.1349579e+001,
  3.9687500e+003, -5.2360851e+001,
  4.0000000e+003, -6.1315319e+001,
  4.0312500e+003, -6.6577465e+001,
  4.0625000e+003, -6.0021832e+001,
  4.0937500e+003, -5.7176155e+001,
  4.1250000e+003, -5.5047779e+001,
  4.1562500e+003, -5.1672951e+001,
  4.1875000e+003, -5.3201618e+001,
  4.2187500e+003, -5.7670033e+001,
  4.2500000e+003, -6.1550499e+001,
  4.2812500e+003, -4.7075188e+001,
  4.3125000e+003, -4.7833645e+001,
  4.3437500e+003, -5.4836117e+001,
  4.3750000e+003, -6.3214394e+001,
  4.4062500e+003, -5.1373096e+001,
  4.4375000e+003, -5.7699432e+001,
  4.4687500e+003, -5.7493649e+001,
  4.5000000e+003, -6.5154629e+001,
  4.5312500e+003, -5.4983105e+001,
  4.5625000e+003, -6.3643597e+001,
  4.5937500e+003, -5.3313332e+001,
  4.6250000e+003, -5.4994865e+001,
  4.6562500e+003, -5.1978687e+001,
  4.6875000e+003, -6.1062500e+001,
  4.7187500e+003, -5.2895885e+001,
  4.7500000e+003, -5.3348606e+001,
  4.7812500e+003, -5.8416729e+001,
  4.8125000e+003, -6.0827320e+001,
  4.8437500e+003, -5.6652882e+001,
  4.8750000e+003, -5.0967411e+001,
  4.9062500e+003, -5.2684223e+001,
  4.9375000e+003, -5.1761143e+001,
  4.9687500e+003, -5.5094818e+001,
  5.0000000e+003, -5.5382912e+001,
  5.0312500e+003, -5.4042389e+001,
  5.0625000e+003, -5.3624943e+001,
  5.0937500e+003, -5.2349094e+001,
  5.1250000e+003, -6.0703850e+001,
  5.1562500e+003, -5.6094330e+001,
  5.1875000e+003, -5.9727856e+001,
  5.2187500e+003, -6.2026737e+001,
  5.2500000e+003, -6.5319252e+001,
  5.2812500e+003, -4.8015907e+001,
  5.3125000e+003, -4.5840496e+001,
  5.3437500e+003, -5.1014450e+001,
  5.3750000e+003, -5.6993893e+001,
  5.4062500e+003, -5.1255508e+001,
  5.4375000e+003, -6.2308952e+001,
  5.4687500e+003, -5.0702835e+001,
  5.5000000e+003, -4.9074215e+001,
  5.5312500e+003, -5.0649921e+001,
  5.5625000e+003, -5.4095303e+001,
  5.5937500e+003, -4.9391708e+001,
  5.6250000e+003, -5.2566635e+001,
  5.6562500e+003, -6.0239372e+001,
  5.6875000e+003, -6.2085533e+001,
  5.7187500e+003, -6.7629892e+001,
  5.7500000e+003, -5.3795448e+001,
  5.7812500e+003, -5.4277565e+001,
  5.8125000e+003, -5.6088451e+001,
  5.8437500e+003, -5.1620037e+001,
  5.8750000e+003, -5.3360367e+001,
  5.9062500e+003, -5.6141365e+001,
  5.9375000e+003, -4.9973778e+001,
  5.9687500e+003, -5.5476982e+001,
  6.0000000e+003, -6.1456425e+001,
  6.0312500e+003, -7.3509386e+001,
  6.0625000e+003, -6.1356476e+001,
  6.0937500e+003, -5.7905212e+001,
  6.1250000e+003, -5.5594574e+001,
  6.1562500e+003, -5.0185440e+001,
  6.1875000e+003, -5.5277081e+001,
  6.2187500e+003, -5.2654827e+001,
  6.2500000e+003, -5.0355946e+001,
  6.2812500e+003, -5.1496567e+001,
  6.3125000e+003, -5.6182522e+001,
  6.3437500e+003, -5.0767509e+001,
  6.3750000e+003, -5.2196228e+001,
  6.4062500e+003, -4.6375530e+001,
  6.4375000e+003, -4.6640106e+001,
  6.4687500e+003, -6.0550983e+001,
  6.5000000e+003, -6.8823431e+001,
  6.5312500e+003, -6.1891510e+001,
  6.5625000e+003, -4.9203564e+001,
  6.5937500e+003, -4.7933594e+001,
  6.6250000e+003, -4.8897831e+001,
  6.6562500e+003, -5.8810654e+001,
  6.6875000e+003, -5.3789570e+001,
  6.7187500e+003, -5.2831211e+001,
  6.7500000e+003, -5.2972321e+001,
  6.7812500e+003, -5.4859638e+001,
  6.8125000e+003, -5.2425526e+001,
  6.8437500e+003, -5.1408375e+001,
  6.8750000e+003, -5.9727856e+001,
  6.9062500e+003, -5.7187916e+001,
  6.9375000e+003, -5.9839565e+001,
  6.9687500e+003, -5.0649921e+001,
  7.0000000e+003, -5.0702835e+001,
  7.0312500e+003, -5.2631310e+001,
  7.0625000e+003, -5.3836605e+001,
  7.0937500e+003, -5.2625431e+001,
  7.1250000e+003, -4.6181507e+001,
  7.1562500e+003, -5.1684711e+001,
  7.1875000e+003, -7.8271774e+001,
  7.2187500e+003, -5.9375088e+001,
  7.2500000e+003, -5.6376545e+001,
  7.2812500e+003, -4.6340252e+001,
  7.3125000e+003, -4.6181507e+001,
  7.3437500e+003, -5.6305992e+001,
  7.3750000e+003, -7.4191406e+001,
  7.4062500e+003, -6.4948845e+001,
  7.4375000e+003, -5.8563717e+001,
  7.4687500e+003, -5.7311386e+001,
  7.5000000e+003, -6.6136501e+001,
  7.5312500e+003, -6.0997826e+001,
  7.5625000e+003, -6.4413811e+001,
  7.5937500e+003, -5.9780773e+001,
  7.6250000e+003, -5.5183010e+001,
  7.6562500e+003, -6.7970903e+001,
  7.6875000e+003, -5.5465225e+001,
  7.7187500e+003, -5.5612213e+001,
  7.7500000e+003, -6.0797924e+001,
  7.7812500e+003, -5.2460804e+001,
  7.8125000e+003, -5.3360367e+001,
  7.8437500e+003, -5.8716583e+001,
  7.8750000e+003, -5.5012505e+001,
  7.9062500e+003, -4.9938503e+001,
  7.9375000e+003, -5.1919891e+001,
  7.9687500e+003, -5.8316776e+001,
  8.0000000e+003, -5.9598507e+001,
  8.0312500e+003, -5.3066391e+001,
  8.0625000e+003, -5.9069351e+001,
  8.0937500e+003, -5.6929218e+001,
  8.1250000e+003, -5.5329994e+001,
  8.1562500e+003, -5.3677860e+001,
  8.1875000e+003, -5.9286896e+001,
  8.2187500e+003, -7.2527510e+001,
  8.2500000e+003, -5.9404484e+001,
  8.2812500e+003, -6.2291313e+001,
  8.3125000e+003, -5.4889034e+001,
  8.3437500e+003, -5.4595058e+001,
  8.3750000e+003, -5.6811626e+001,
  8.4062500e+003, -5.6429462e+001,
  8.4375000e+003, -5.7811142e+001,
  8.4687500e+003, -5.5600452e+001,
  8.5000000e+003, -4.9762115e+001,
  8.5312500e+003, -5.0085487e+001,
  8.5625000e+003, -5.1908131e+001,
  8.5937500e+003, -5.7875816e+001,
  8.6250000e+003, -5.2302059e+001,
  8.6562500e+003, -5.2643066e+001,
  8.6875000e+003, -5.5565174e+001,
  8.7187500e+003, -5.8099236e+001,
  8.7500000e+003, -6.7718086e+001,
  8.7812500e+003, -5.4189373e+001,
  8.8125000e+003, -5.4700890e+001,
  8.8437500e+003, -6.1174210e+001,
  8.8750000e+003, -5.2349094e+001,
  8.9062500e+003, -4.9009541e+001,
  8.9375000e+003, -4.6722420e+001,
  8.9687500e+003, -4.5664112e+001,
  9.0000000e+003, -4.7892437e+001,
  9.0312500e+003, -5.2637188e+001,
  9.0625000e+003, -5.7393696e+001,
  9.0937500e+003, -5.7787624e+001,
  9.1250000e+003, -5.1296665e+001,
  9.1562500e+003, -5.1690590e+001,
  9.1875000e+003, -5.7170277e+001,
  9.2187500e+003, -5.7523045e+001,
  9.2500000e+003, -5.1396614e+001,
  9.2812500e+003, -4.9374069e+001,
  9.3125000e+003, -5.5894428e+001,
  9.3437500e+003, -5.4383396e+001,
  9.3750000e+003, -5.8504921e+001,
  9.4062500e+003, -5.3554390e+001,
  9.4375000e+003, -5.0179562e+001,
  9.4687500e+003, -5.5865028e+001,
  9.5000000e+003, -4.8792000e+001,
  9.5312500e+003, -4.9791515e+001,
  9.5625000e+003, -5.6452980e+001,
  9.5937500e+003, -6.0786163e+001,
  9.6250000e+003, -5.1855217e+001,
  9.6562500e+003, -5.1890491e+001,
  9.6875000e+003, -5.4936069e+001,
  9.7187500e+003, -4.7639622e+001,
  9.7500000e+003, -5.1508327e+001,
  9.7812500e+003, -5.0879219e+001,
  9.8125000e+003, -5.0579365e+001,
  9.8437500e+003, -5.6482376e+001,
  9.8750000e+003, -4.8321640e+001,
  9.9062500e+003, -5.1002689e+001,
  9.9375000e+003, -6.0797924e+001,
  9.9687500e+003, -5.7152637e+001,
  1.0000000e+004, -5.8581356e+001,
  1.0031250e+004, -5.1684711e+001,
  1.0062500e+004, -5.2842972e+001,
  1.0093750e+004, -6.8000301e+001,
  1.0125000e+004, -6.7759243e+001,
  1.0156250e+004, -5.1184956e+001,
  1.0187500e+004, -5.0103127e+001,
  1.0218750e+004, -6.1009586e+001,
  1.0250000e+004, -5.1573002e+001,
  1.0281250e+004, -5.2449043e+001,
  1.0312500e+004, -5.4112942e+001,
  1.0343750e+004, -5.0808666e+001,
  1.0375000e+004, -5.1825817e+001,
  1.0406250e+004, -6.0221733e+001,
  1.0437500e+004, -5.2978199e+001,
  1.0468750e+004, -6.0339325e+001,
  1.0500000e+004, -6.1315319e+001,
  1.0531250e+004, -6.8088493e+001,
  1.0562500e+004, -5.3336849e+001,
  1.0593750e+004, -5.3783691e+001,
  1.0625000e+004, -6.3243793e+001,
  1.0656250e+004, -6.3755306e+001,
  1.0687500e+004, -6.2167847e+001,
  1.0718750e+004, -6.5395687e+001,
  1.0750000e+004, -5.5065418e+001,
  1.0781250e+004, -5.3260414e+001,
  1.0812500e+004, -5.2396130e+001,
  1.0843750e+004, -5.8546078e+001,
  1.0875000e+004, -6.3390778e+001,
  1.0906250e+004, -5.4994865e+001,
  1.0937500e+004, -5.1067364e+001,
  1.0968750e+004, -5.4283447e+001,
  1.1000000e+004, -5.4577419e+001,
  1.1031250e+004, -5.2231503e+001,
  1.1062500e+004, -5.5876789e+001,
  1.1093750e+004, -5.3871883e+001,
  1.1125000e+004, -5.6888062e+001,
  1.1156250e+004, -6.0944912e+001,
  1.1187500e+004, -5.0514690e+001,
  1.1218750e+004, -5.7828781e+001,
  1.1250000e+004, -6.2820469e+001,
  1.1281250e+004, -5.9522072e+001,
  1.1312500e+004, -6.1050743e+001,
  1.1343750e+004, -5.7434853e+001,
  1.1375000e+004, -5.6676399e+001,
  1.1406250e+004, -5.2801815e+001,
  1.1437500e+004, -5.0749870e+001,
  1.1468750e+004, -5.3965954e+001,
  1.1500000e+004, -6.8893984e+001,
  1.1531250e+004, -4.7733692e+001,
  1.1562500e+004, -4.6663624e+001,
  1.1593750e+004, -6.1268284e+001,
  1.1625000e+004, -6.6071827e+001,
  1.1656250e+004, -5.7376060e+001,
  1.1687500e+004, -5.6182522e+001,
  1.1718750e+004, -5.2537239e+001,
  1.1750000e+004, -5.2637188e+001,
  1.1781250e+004, -4.5052643e+001,
  1.1812500e+004, -4.6751816e+001,
  1.1843750e+004, -5.0126644e+001,
  1.1875000e+004, -6.8159048e+001,
  1.1906250e+004, -5.1132038e+001,
  1.1937500e+004, -5.0203079e+001,
  1.1968750e+004, -6.3584805e+001,
  1.2000000e+004, -5.1326061e+001,
  1.2031250e+004, -5.2913525e+001,
  1.2062500e+004, -5.3407402e+001,
  1.2093750e+004, -5.1696468e+001,
  1.2125000e+004, -5.3742535e+001,
  1.2156250e+004, -5.7711189e+001,
  1.2187500e+004, -5.6388306e+001,
  1.2218750e+004, -6.3537766e+001,
  1.2250000e+004, -5.4783203e+001,
  1.2281250e+004, -6.2197243e+001,
  1.2312500e+004, -4.8891953e+001,
  1.2343750e+004, -4.7745453e+001,
  1.2375000e+004, -5.0320667e+001,
  1.2406250e+004, -5.0473534e+001,
  1.2437500e+004, -4.6898804e+001,
  1.2468750e+004, -4.9221203e+001,
